c5_24_999993_121_539706_2HH7AYBPK4dAF_MmyHtKrw_5.jpg 24.999993 121.539706 0 90 0
c5_25_021671_121_50259_J7DVZHQbXTNop2cwSJcIig_4.jpg 25.021671 121.502590 0 90 0
c5_25_023343_121_546662_Wp4nyPjnGgqX1m-wccw4g_5.jpg 25.023343 121.546662 0 90 0
c5_25_025403_121_522845_S22gBjUD4I9Kr3W_PO72lA_0.jpg 25.025403 121.522845 0 90 0
c5_25_0254_121_500531_rK_tOOvAdsdDbyy1bdwUhQ_3.jpg 25.025400 121.500531 0 90 0
c5_25_025748_121_566442_zYePZn0rnIUsXK1R3l0Q3w_6.jpg 25.025748 121.566442 0 90 0
c5_25_026266_121_543597_asxBvTquCuDrS5fEVaUwLQ_4.jpg 25.026266 121.543597 0 90 0
c5_25_026297_121_513777_qU8wKrKObuN50emg0d8uJA_5.jpg 25.026297 121.513777 0 90 0
c5_25_02702_121_563696_UZQMbcW4R5c1yUUc3ETEnQ_1.jpg 25.027020 121.563696 0 90 0
c5_25_027103_121_563632_h0QRdZO8Ft7lRIoiQQxwSQ_2.jpg 25.027103 121.563632 0 90 0
c5_25_02748_121_493294_xDQU2isRmZMJr9lmSAODcQ_0.jpg 25.027480 121.493294 0 90 0
c5_25_027959_121_509487_WOaspLGiEIouZdWiSSclKA_4.jpg 25.027959 121.509487 0 90 0
c5_25_028038_121_509343_5qL8_v5eCOGtrFVX6GfiWA_2.jpg 25.028038 121.509343 0 90 0
c5_25_028525_121_568346_DokmEbGV838FdDaOn8dCjQ_4.jpg 25.028525 121.568346 0 90 0
c5_25_029109_121_564896_oPNT_hcyAyLAGGU1IZtupg_4.jpg 25.029109 121.564896 0 90 0
c5_25_029158_121_50485_hVfunYwgIy2YqGPG9H0BDg_4.jpg 25.029158 121.504850 0 90 0
c5_25_030441_121_529561_ACcz2A19B6sZtJiju4cCqw_2.jpg 25.030441 121.529561 0 90 0
c5_25_030741_121_546069_t12YKXO8ZQwLLJ1sXOu2dQ_5.jpg 25.030741 121.546069 0 90 0
c5_25_031129_121_50037_edfSXqCog4p2xNog0zNz9g_4.jpg 25.031129 121.500370 0 90 0
c5_25_032147_121_515264_Y7VJiocTmk2ocFBm5zUOXg_1.jpg 25.032147 121.515264 0 90 0
c5_25_032174_121_515345_l7N_tt05enahNtMVJ_F5g_2.jpg 25.032174 121.515345 0 90 0
c5_25_033064_121_505113_cJl_6oEwtgyLHgZexbk00g_4.jpg 25.033064 121.505113 0 90 0
c5_25_034095_121_493089_wQ9oydZlribuXiFidO6HmQ_4.jpg 25.034095 121.493089 0 90 0
c5_25_034184_121_550306_NNTbu4EMaQ01_eNaywlCxw_5.jpg 25.034184 121.550306 0 90 0
c5_25_034393_121_498692_q2Ntad5VAFWQd097WTrDhw_5.jpg 25.034393 121.498692 0 90 0
c5_25_036672_121_500665_m-3w6yVYz4Q5nfX0s2ZcJw_2.jpg 25.036672 121.500665 0 90 0
c5_25_037219_121_577038_ql2555YDjAYF3t_Y_1WcYA_0.jpg 25.037219 121.577038 0 90 0
c5_25_037692_121_53931_3Z4Ojz-xUKnCcn_SH1vj8A_2.jpg 25.037692 121.539310 0 90 0
c5_25_038336_121_61694_eVDEcluXe6pWOLiqNI8LWw_2.jpg 25.038336 121.616940 0 90 0
c5_25_038512_121_497828_F-0vn4Z54LFMngK7pHay-w_5.jpg 25.038512 121.497828 0 90 0
c5_25_039037_121_525344_7MxEHOT-h5xkvyxkAEQjYA_3.jpg 25.039037 121.525344 0 90 0
c5_25_04044_121_504437_GKwv9XXL-OXZaFHOLmBTSw_1.jpg 25.040440 121.504437 0 90 0
c5_25_040603_121_563358_R9uKx8L2Xo4uw9TNazZmyw_1.jpg 25.040603 121.563358 0 90 0
c5_25_041018_121_541292_2O8dBiFJCBmyhGmcois-GQ_4.jpg 25.041018 121.541292 0 90 0
c5_25_041117_121_541326_9oMCRYtJDOBY29fGIhwaEg_0.jpg 25.041117 121.541326 0 90 0
c5_25_041223_121_565257_E16oWOs6-4YZYKNMujJvxA_4.jpg 25.041223 121.565257 0 90 0
c5_25_041738_121_568713_sRMf-zq1jlr5Fs5wDiXpPQ_0.jpg 25.041738 121.568713 0 90 0
c5_25_042301_121_539536_gNK4vrVOr_5X8OmmOsqkVQ_2.jpg 25.042301 121.539536 0 90 0
c5_25_042335_121_512863_imdOUVtZaWzMk_EndZY_7A_4.jpg 25.042335 121.512863 0 90 0
c5_25_042336_121_512783_3KMGHNyGAw9S5yMUoKJpGQ_5.jpg 25.042336 121.512783 0 90 0
c5_25_042659_121_554152_tft90ULru9CJ1dC1JlUNyw_3.jpg 25.042659 121.554152 0 90 0
c5_25_043191_121_504565_1OMJPi_WuBuunOJVlufLA_2.jpg 25.043191 121.504565 0 90 0
c5_25_043213_121_504483_UN72zXtybb2HNT30BbFb9Q_1.jpg 25.043213 121.504483 0 90 0
c5_25_043437_121_574133_aXiOQwdKp9tQqw8AGpI4qA_4.jpg 25.043437 121.574133 0 90 0
c5_25_04399_121_521537_smHzyqoNSZl3YS8AmDwWmw_2.jpg 25.043990 121.521537 0 90 0
c5_25_044018_121_521413_rt3-cgYZtdKei3qrt6pCxQ_1.jpg 25.044018 121.521413 0 90 0
c5_25_04403_121_521322_I5zbsWMdilM7SftofZNhFg_2.jpg 25.044030 121.521322 0 90 0
c5_25_044056_121_507394_kfSfhJBJvj3TRmScKOuhfg_1.jpg 25.044056 121.507394 0 90 0
c5_25_044729_121_577104_IMOveVMKHemSfVtrYsWPmQ_1.jpg 25.044729 121.577104 0 90 0
c5_25_045561_121_543952_cNV2hxYcXZkPbv1XswVLXg_4.jpg 25.045561 121.543952 0 90 0
c5_25_045695_121_506778_wiXajORbWDuQSy32jLSJtA_2.jpg 25.045695 121.506778 0 90 0
c5_25_046338_121_586949_dtPhqFjrtCUdGxDnVeWAfw_3.jpg 25.046338 121.586949 0 90 0
c5_25_046621_121_507037_OUULqycKLop9RcGvUFVvOw_2.jpg 25.046621 121.507037 0 90 0
c5_25_047255_121_572626_chBuBwsiTloJ9s4YozrAAg_5.jpg 25.047255 121.572626 0 90 0
c5_25_047307_121_56634_SP-6FbOAZhV99RFSLem7g_4.jpg 25.047307 121.566340 0 90 0
c5_25_047494_121_615596_JBT-5N60-3qs1mast9_jNg_5.jpg 25.047494 121.615596 0 90 0
c5_25_048958_121_53306_5YkwPBIgsDIHC2axZJw_Ug_4.jpg 25.048958 121.533060 0 90 0
c5_25_049091_121_526468_dm1s8d9OGnV0UU36ITYikw_0.jpg 25.049091 121.526468 0 90 0
c5_25_049265_121_594309_1rTkHnrK5odvUpXxmp4VkQ_3.jpg 25.049265 121.594309 0 90 0
c5_25_050512_121_516798_GpNDVa3ap0tyZD0aOsz3uw_4.jpg 25.050512 121.516798 0 90 0
c5_25_05067_121_518099_2YsQ9rMrstBHLUZbK638lw_4.jpg 25.050670 121.518099 0 90 0
c5_25_05083_121_523184_STrAI0NX6SyNQMT-ipUxow_5.jpg 25.050830 121.523184 0 90 0
c5_25_051338_121_52713_p0YzpMipYa0v0CDiND75ow_4.jpg 25.051338 121.527130 0 90 0
c5_25_05145_121_568533_g--Y9WhctWPVP05sviKkIw_3.jpg 25.051450 121.568533 0 90 0
c5_25_051823_121_523463_yKtLe7_iM03OvGRUxGbNRQ_5.jpg 25.051823 121.523463 0 90 0
c5_25_052619_121_547628_Ms8RnKmBc1g2MJzo0h8t7Q_1.jpg 25.052619 121.547628 0 90 0
c5_25_053843_121_549169_0byZ46phoK5o3G3UV1GugA_5.jpg 25.053843 121.549169 0 90 0
c5_25_054163_121_514722_cdSNSUP3tLMloBUNohXjqw_4.jpg 25.054163 121.514722 0 90 0
c5_25_054487_121_607651_RvdrkGq9YmYiiCZ2x_D70g_5.jpg 25.054487 121.607651 0 90 0
c5_25_054574_121_525394_jdO9fTfW7LRKVN8NYjkEA_5.jpg 25.054574 121.525394 0 90 0
c5_25_054576_121_510063_HhwmYsgDWvffkcFJS1vqvg_5.jpg 25.054576 121.510063 0 90 0
c5_25_054702_121_510096_WLRx6S5m4X7GGGGiee67BQ_0.jpg 25.054702 121.510096 0 90 0
c5_25_054785_121_540457_P5aS8EeYSPTwwfVbA0ifng_1.jpg 25.054785 121.540457 0 90 0
c5_25_054804_121_531542_iDmXMjp7VkMEXpNZBF4X_A_3.jpg 25.054804 121.531542 0 90 0
c5_25_054955_121_581088_ULhgqOnZahRKQFj-lY_k8g_2.jpg 25.054955 121.581088 0 90 0
c5_25_054988_121_523783_f6S2yCkOhgLBUgP8lX82pA_4.jpg 25.054988 121.523783 0 90 0
c5_25_056301_121_524982_Imp1xkY70rGpnnX8liTE4g_3.jpg 25.056301 121.524982 0 90 0
c5_25_056901_121_605603_O25lWoYKAzh9DD5sCwj4GA_5.jpg 25.056901 121.605603 0 90 0
c5_25_057017_121_58465_kqpE7fP0A1eFsOjULtUjtA_2.jpg 25.057017 121.584650 0 90 0
c5_25_057231_121_517472_fRooy1cqv0Hg3tZV2WsEfw_4.jpg 25.057231 121.517472 0 90 0
c5_25_057509_121_519237_rXQECdJLwBrst-2P5pRD1A_5.jpg 25.057509 121.519237 0 90 0
c5_25_057519_121_525544_Muet0MdkBrZWXNeXmh3-dQ_3.jpg 25.057519 121.525544 0 90 0
c5_25_057521_121_519347_8TO9jpHXo9uZ8ruW9Nkeiw_4.jpg 25.057521 121.519347 0 90 0
c5_25_058013_121_531634_7OIimBAnD8FZRSaWE1UdQQ_4.jpg 25.058013 121.531634 0 90 0
c5_25_058345_121_51147_Z1AXD8DgHgrDn4W6Fypwdw_2.jpg 25.058345 121.511470 0 90 0
c5_25_058395_121_515186_GUy4BnbRDmyrqGa9fhZlRQ_5.jpg 25.058395 121.515186 0 90 0
c5_25_058653_121_560401_vM_FK0-MRDj8WldEFwX4OQ_5.jpg 25.058653 121.560401 0 90 0
c5_25_059813_121_522845_xb1pMEWtcJwWPT2Kz9X6lQ_4.jpg 25.059813 121.522845 0 90 0
c5_25_060332_121_534817_pvUroMaOF4Piz3SL9LuRJw_6.jpg 25.060332 121.534817 0 90 0
c5_25_060377_121_521443_9O-rbFXxf3P6f4twkVMPVA_2.jpg 25.060377 121.521443 0 90 0
c5_25_060383_121_521209_Ly2zCSff-k5OxiCXRPbYiw_0.jpg 25.060383 121.521209 0 90 0
c5_25_060383_121_530336_GHuyGyk0ALqTBnBxvMC7RA_6.jpg 25.060383 121.530336 0 90 0
c5_25_061357_121_53326_78o8t983Bgcv_-gFue4I6Q_4.jpg 25.061357 121.533260 0 90 0
c5_25_062441_121_543642_wm3eySQ_lPuoKesqPn419w_4.jpg 25.062441 121.543642 0 90 0
c5_25_062569_121_528817_2clhGvtBuwGXqrq94ikD3A_4.jpg 25.062569 121.528817 0 90 0
c5_25_064685_121_534847_3-XcYI1N4NC3GvCur_fBgA_1.jpg 25.064685 121.534847 0 90 0
c5_25_064782_121_540977_KVu7TGhNdz8yKwMQSwxeJA_2.jpg 25.064782 121.540977 0 90 0
c5_25_064877_121_525541_SKmd5XSGXJN8uuIPaGIycQ_1.jpg 25.064877 121.525541 0 90 0
c5_25_065088_121_518497_xiVkxO_jURMQSMNCGjke_g_2.jpg 25.065088 121.518497 0 90 0
c5_25_065859_121_513721_5plXBXspzzxCh_oJljIYSw_5.jpg 25.065859 121.513721 0 90 0
c5_25_065921_121_515765_JbthmN7sbXCNc-yefYn9YQ_4.jpg 25.065921 121.515765 0 90 0
c5_25_065928_121_511117_ImHCItjyrmSW4U8Ja-Kotg_1.jpg 25.065928 121.511117 0 90 0
c5_25_066254_121_590509_LYJj_8XSzBBZ5tRkDHvelg_4.jpg 25.066254 121.590509 0 90 0
c5_25_06683_121_540979_HSjzIA1WQMPqudV3K8797g_2.jpg 25.066830 121.540979 0 90 0
c5_25_09059_121_501188_04fW1cgwX7q01On90-xyEw_4.jpg 25.090590 121.501188 0 90 0
c5_25_10207_121_522417_TL7C9hybjjauHfEJljcteg_5.jpg 25.102070 121.522417 0 90 0
c5_25_10579_121_531357_L9hrKPWWs4jx9IQTAVE-Xg_2.jpg 25.105790 121.531357 0 90 0
c5_25_12134_121_522937_lexJd_IkqY7gtxI9Bfv1Lg_5.jpg 25.121340 121.522937 0 90 0
c5_25_13659_121_496065_hI3ibjrYWSaIuR15tVOV-Q_4.jpg 25.136590 121.496065 0 90 0
c5_25_14096_121_499766_kAUnZDJNY4dKQxP5f5xt7g_4.jpg 25.140960 121.499766 0 90 0
c15_24_98778_121_575083_O0qQbZ17vPFz3yryJXDG_w_1.jpg 24.987780 121.575083 0 90 0
c15_24_990385_121_51085_nSKC1uRmoWEuiom16tL9gQ_0.jpg 24.990385 121.510850 0 90 0
c15_24_993069_121_541677_tbDG2782mR1JlLNKPyVAiQ_2.jpg 24.993069 121.541677 0 90 0
c15_25_002125_121_538629_wPeryVLAufxDyCflXbQ8VQ_5.jpg 25.002125 121.538629 0 90 0
c15_25_029339_121_561779_G4MeE8RKDfDReFIrR5vOgg_6.jpg 25.029339 121.561779 0 90 0
c15_25_033161_121_529881_KtYD5sQdfO9ugEpGrcmGbA_6.jpg 25.033161 121.529881 0 90 0
c15_25_033231_121_54329_-X8w8EwIJfXX9T-zuvyj4w_6.jpg 25.033231 121.543290 0 90 0
c15_25_04263_121_505929_seY3T9YSvxMmUt8qFYugpQ_1.jpg 25.042630 121.505929 0 90 0
c15_25_047627_121_55251_J_64KZKWtqGxg22wTgWjKQ_3.jpg 25.047627 121.552510 0 90 0
c15_25_047978_121_577894_INp0amyJ6nG2KHCKHU3J8Q_5.jpg 25.047978 121.577894 0 90 0
c15_25_048382_121_546825_v0kW4CTDhWwLrNjqdZoTKQ_0.jpg 25.048382 121.546825 0 90 0
c15_25_050356_121_543926_1etPKz-PK-FAJBcBjskmnA_5.jpg 25.050356 121.543926 0 90 0
c15_25_050444_121_54393_d7OpLRB_sjHzOR_4PFkPfA_4.jpg 25.050444 121.543930 0 90 0
c15_25_057746_121_521182_XHnm68TiUo4GtHPWr59kqQ_4.jpg 25.057746 121.521182 0 90 0
c15_25_058588_121_560524_bzmeftc1FcOK74tMdrkaUA_4.jpg 25.058588 121.560524 0 90 0
c15_25_059699_121_525582_FGjrVOD4FvENZ_HS8IjFFg_5.jpg 25.059699 121.525582 0 90 0
c15_25_060178_121_543814_50wyYf4j-pIN4tmtpzpokg_2.jpg 25.060178 121.543814 0 90 0
c15_25_0602_121_544049_EKfsm-xErbDmii_G2hEidw_4.jpg 25.060200 121.544049 0 90 0
c15_25_062728_121_519214_QsUFMH8etQZY85FxfZOCIA_6.jpg 25.062728 121.519214 0 90 0
c15_25_063054_121_516685_nBBjMV9E1cWGvGX69uTSKg_4.jpg 25.063054 121.516685 0 90 0
c15_25_063056_121_516601_hZlZ734dq3k8zsEtkr4GjQ_5.jpg 25.063056 121.516601 0 90 0
c15_25_064851_121_530047_Y2knosslZ0LBJtzLD8RR6g_2.jpg 25.064851 121.530047 0 90 0
c15_25_077392_121_392244_1EKKw6I-D9q765f_IcdMZg_0.jpg 25.077392 121.392244 0 90 0
c15_25_081903_121_695729_rZ4LiPxBbmnYK_EbszQV4Q_2.jpg 25.081903 121.695729 0 90 0
c15_25_082179_121_592295_MZZlLtX1zd7dltGxZGDB_g_6.jpg 25.082179 121.592295 0 90 0
c15_25_089347_121_526816_hMBuC8JdUi-D2xsBMVEJ8g_5.jpg 25.089347 121.526816 0 90 0
c23_22_650933_120_330884_Hx6q1GnEAzg2g2ayoyg-dg_1.jpg 22.650933 120.330884 0 90 0
c23_22_676426_120_339702_-02_NzPxim30ncNG3E6npg_3.jpg 22.676426 120.339702 0 90 0
c23_22_683103_120_481281_5nl3SYBu2GUT7L4ZokeCDw_4.jpg 22.683103 120.481281 0 90 0
c23_22_683109_120_481399_cFDJ-SLx38Kvlgg6igvgDQ_5.jpg 22.683109 120.481399 0 90 0
c23_22_795912_120_292036_wFWrkJyFBpqyfxPi7r3t9Q_0.jpg 22.795912 120.292036 0 90 0
c23_22_796035_120_292222_pDuhFA4q-W_v3wlrjnYgNA_2.jpg 22.796035 120.292222 0 90 0
c23_23_013775_120_264078_KE4xTNfjy1veXPAj93FdpQ_0.jpg 23.013775 120.264078 0 90 0
c23_23_026396_120_191262_UFJyBh6evqQpI5DfW9taGQ_0.jpg 23.026396 120.191262 0 90 0
c23_23_907447_120_687043_d8b7bIP7T902McUO_TIkew_2.jpg 23.907447 120.687043 0 90 0
c23_23_980413_120_684413_B3CbXRgMCzETalGr3bezew_4.jpg 23.980413 120.684413 0 90 0
c23_24_072641_120_538597_JV67AQwEijdNPk1hitWlQA_2.jpg 24.072641 120.538597 0 90 0
c23_24_116361_120_666869_qtAjPF4mmKTKnYJzT14PZA_2.jpg 24.116361 120.666869 0 90 0
c23_24_159114_120_681271_vcEpsAy-579cwPaCYygO5A_1.jpg 24.159114 120.681271 0 90 0
c23_24_179494_120_667704_pHuCnKQ6mwZaJgwMPPDHKg_1.jpg 24.179494 120.667704 0 90 0
c23_24_188909_120_616167_zCHENf4YzQf3kOar6wf7kg_2.jpg 24.188909 120.616167 0 90 0
c23_24_226685_120_648489_UmqLJlq_-fxezzHb4t0H6Q_1.jpg 24.226685 120.648489 0 90 0
c23_24_269903_120_5758_9d7lR7xNCbTFIMlPu2H4lA_1.jpg 24.269903 120.575800 0 90 0
c23_24_308521_120_722274_HHgU4A6LMPZtejX7qaxSdw_5.jpg 24.308521 120.722274 0 90 0
c23_24_557384_120_820482_Gc7lQgn5Eiao7sNCC2_9Rg_5.jpg 24.557384 120.820482 0 90 0
c23_24_680476_121_769259_w2bbRGGBMFHCFI9bq_qldQ_5.jpg 24.680476 121.769259 0 90 0
c23_24_749769_121_750547_xpm5WuKCACQ_2LUM3dWz7A_2.jpg 24.749769 121.750547 0 90 0
c23_24_834592_121_00921_J9CrIzhb-VlnqoDT7sU_6A_0.jpg 24.834592 121.009210 0 90 0
c23_25_032336_121_434658_z4TbzgNCxbuHlVyWdNCcZw_0.jpg 25.032336 121.434658 0 90 0
c23_25_038936_121_446679_JCAVVDAjpo-rRvVkouYyxA_6.jpg 25.038936 121.446679 0 90 0
c23_25_039015_121_446632_zn1y6BqLkK9DNeKimOuX-A_5.jpg 25.039015 121.446632 0 90 0
c23_25_039154_121_446511_ZUo04qU_ASok5yw5TkfyBw_3.jpg 25.039154 121.446511 0 90 0
c23_25_061944_121_486613_VBUT3rNB4ki5ulEuH2HM_Q_5.jpg 25.061944 121.486613 0 90 0
c23_25_061996_121_486561_SZznmHRMCLaCBDWZGFr18g_4.jpg 25.061996 121.486561 0 90 0
c23_25_067789_121_500249_KnzMinrK9p2G7Cf4bVxAIA_2.jpg 25.067789 121.500249 0 90 0
c23_25_067851_121_500177_vcM2BhwPM7YfYdhaHZUYCg_1.jpg 25.067851 121.500177 0 90 0
c23_25_06791_121_629785_rgG6q-OqyOb3M_jI2cihRg_5.jpg 25.067910 121.629785 0 90 0
c23_25_067928_121_629873_RREraOm9CmMld51pdRW2OQ_4.jpg 25.067928 121.629873 0 90 0
c24_22_650722_120_325632_2CPinMuXW_kNDH7vSejllQ_2.jpg 22.650722 120.325632 0 90 0
c24_22_685046_120_289552_IxwdCUQqwKLpoYRZR09KNg_4.jpg 22.685046 120.289552 0 90 0
c24_22_793756_120_29585_oyD5XNmBy4IvidAK-LqjoQ_1.jpg 22.793756 120.295850 0 90 0
c24_22_987367_120_217427_gal0uJHgemjtt-JR4hyHsA_5.jpg 22.987367 120.217427 0 90 0
c24_22_991564_120_192795_Xm_ctUDr5FA7W_QEVpVDvg_3.jpg 22.991564 120.192795 0 90 0
c24_22_993838_120_198948_PggmmDOOvf6ZUuTyQuwqHg_1.jpg 22.993838 120.198948 0 90 0
c24_22_993893_120_199036_PUT2Xgq8A6jxm5y32EeNbg_5.jpg 22.993893 120.199036 0 90 0
c24_23_000105_120_191816_Eb1XjTcb3Z5MfFiBPwl9Vw_5.jpg 23.000105 120.191816 0 90 0
c24_23_002977_120_265437_6jim9NTruGo9C2EHoziWJw_2.jpg 23.002977 120.265437 0 90 0
c24_23_003055_120_265481_PsbG6DOC_TlLNJxUhDgLOw_1.jpg 23.003055 120.265481 0 90 0
c24_23_005456_120_193628_u-KIh6PyqPS68PX6y4N79w_2.jpg 23.005456 120.193628 0 90 0
c24_23_009487_120_223714_DXaAAjqjyFIJB6_FTFw-2g_2.jpg 23.009487 120.223714 0 90 0
c24_23_014029_120_230344_2smvqHH21td6UeM3Zj2Q7A_3.jpg 23.014029 120.230344 0 90 0
c24_23_463801_120_241329_4dYZeEE5zh1AB_XQaTwRHg_5.jpg 23.463801 120.241329 0 90 0
c24_23_47684_120_459531_KlbKFDijgNUe51jgJhF9qg_0.jpg 23.476840 120.459531 0 90 0
c24_23_476876_120_459306_qQ8mws4g5bNUVtYOrHcnFA_4.jpg 23.476876 120.459306 0 90 0
c24_23_484233_120_448587_l5ydO26fhU8iAGzvDPilZw_0.jpg 23.484233 120.448587 0 90 0
c24_23_569323_119_569765_7wznv-NRvunEtF88UyxFKA_6.jpg 23.569323 119.569765 0 90 0
c24_23_569414_119_569881_ZBcUdLDCeRFaEWPQAY-31g_5.jpg 23.569414 119.569881 0 90 0
c24_23_569455_119_569958_XloC8s_nD5HdWONwjstmsA_4.jpg 23.569455 119.569958 0 90 0
c24_23_857869_120_585744_-jCoyXnMRHuNYWsB1VsEKQ_1.jpg 23.857869 120.585744 0 90 0
c24_23_956267_120_566976_pVJqvViYZfJRa8QpwilXXQ_5.jpg 23.956267 120.566976 0 90 0
c24_23_9569_120_477462_1mtMYAXkILI25GNKL8AzyQ_5.jpg 23.956900 120.477462 0 90 0
c24_24_059212_120_439002_R3uWc0Wda5D3LCWXeuPxAQ_1.jpg 24.059212 120.439002 0 90 0
c24_24_115403_120_689593_Br-gEpcCrCPW9y3lyKxHsw_1.jpg 24.115403 120.689593 0 90 0
c24_24_117039_120_65778_VIsj8vvzR2V-KP2sqtFVyA_3.jpg 24.117039 120.657780 0 90 0
c24_24_146708_120_654068_GqAe2wOxbBZUxJtUxpKf-w_1.jpg 24.146708 120.654068 0 90 0
c24_24_148384_120_715887_6r3tgBHE3rqdIPtRZE4zEA_3.jpg 24.148384 120.715887 0 90 0
c24_24_15654_120_650443_JTpTtjsa6RWhFhr5MuLS7w_5.jpg 24.156540 120.650443 0 90 0
c24_24_164423_120_673914_-lUCFggLymEeGfO_TDnazQ_3.jpg 24.164423 120.673914 0 90 0
c24_24_168349_120_685368_LWGDh6G_fX8FAD6RNV1AEQ_1.jpg 24.168349 120.685368 0 90 0
c24_24_180822_120_589487_bcxz5nK30yfjTlbTgPn7YA_5.jpg 24.180822 120.589487 0 90 0
c24_24_183979_120_665221_WKPUty_T1uRwfPeDebAz1A_5.jpg 24.183979 120.665221 0 90 0
c24_24_184011_120_665139_wguHlif0IZohZQCBKIiFLQ_4.jpg 24.184011 120.665139 0 90 0
c24_24_184045_120_665312_XsC5zxstGaIoueuxI_EdkA_4.jpg 24.184045 120.665312 0 90 0
c24_24_226106_120_64514_Kwc3M-mrksCfuL7TgkuiCA_4.jpg 24.226106 120.645140 0 90 0
c24_24_345728_120_623351_8i1KP8AeucRwSW5fqCW3og_5.jpg 24.345728 120.623351 0 90 0
c24_24_797669_120_969855_BEFzn_6LjHK4ATPF45s_Cg_1.jpg 24.797669 120.969855 0 90 0
c24_24_867697_121_215373_suotLta2b8ORx_y8K8VoJA_6.jpg 24.867697 121.215373 0 90 0
c24_24_86783_121_215504_mYEQPIvMHP9nS-c59HuKvQ_4.jpg 24.867830 121.215504 0 90 0
c24_24_902357_121_045091_3hR7dFgn8oCsUHwpFyQMdw_6.jpg 24.902357 121.045091 0 90 0
c24_24_992773_121_544341_1Mj_dE5LD11B_pD58CYDSA_5.jpg 24.992773 121.544341 0 90 0
c24_24_99509_121_513575_g7R1GJ7vxPTNvBHd91tHwA_1.jpg 24.995090 121.513575 0 90 0
c24_25_001385_121_50037_iTlFO1jmbv32Ek0OUoj6cg_5.jpg 25.001385 121.500370 0 90 0
c24_25_004612_121_304834_ySdHzS9VYsPZZO0g2tLruw_5.jpg 25.004612 121.304834 0 90 0
c24_25_02601_121_45908_rBvcXGsnjP6Wc1RsmMtnQ_0.jpg 25.026010 121.459080 0 90 0
c24_25_026446_121_532031_TFUUNN8_nrvxGHCJS1E18Q_6.jpg 25.026446 121.532031 0 90 0
c24_25_029876_121_554249_6X7ZzNmWv5V9rw8bt91gTQ_2.jpg 25.029876 121.554249 0 90 0
c24_25_030814_121_473236_EMA75cVnyRgejUrY2bQWOA_4.jpg 25.030814 121.473236 0 90 0
c24_25_048257_121_553076_65fTPiyQnS4eSJpXxi3nAQ_5.jpg 25.048257 121.553076 0 90 0
c24_25_049529_121_523145_ibQEJ5XpDoO4iEICQrjBRQ_0.jpg 25.049529 121.523145 0 90 0
c24_25_060702_121_540754_Nlo90peVQcQJyAxFBQ22zw_6.jpg 25.060702 121.540754 0 90 0
c24_25_063145_121_500277_miu6TYwapPTsyqoR9m333g_5.jpg 25.063145 121.500277 0 90 0
c24_25_067056_121_662479_f17s5Q3NFVVvigfeCBkebg_5.jpg 25.067056 121.662479 0 90 0
c24_25_068594_121_518118_rhSwK12cwZibmreuFwjrVQ_4.jpg 25.068594 121.518118 0 90 0
c24_25_084234_121_595515_U4BkSSoFTomHy8YODPG2yA_4.jpg 25.084234 121.595515 0 90 0
c24_25_084256_121_595608_IX161g2Pjf-IemJAI4Z1ug_5.jpg 25.084256 121.595608 0 90 0
c24_25_140488_121_500183_j_WiWy9zMHfyFMZ2h5DnBQ_4.jpg 25.140488 121.500183 0 90 0
c25_22_974573_120_19094_ZrOOYS7ZLNDdWhmtgi1aDA_5.jpg 22.974573 120.190940 0 90 0
c25_22_985426_120_222654_vFpSdbgcSvXtVsaFCWBLNw_1.jpg 22.985426 120.222654 0 90 0
c25_22_988209_120_19212_LFQsyWhSSnxm-SRrXXBuUQ_3.jpg 22.988209 120.192120 0 90 0
c25_22_999992_120_22837_RdqVCh_vKwml1dDx3A2rA_5.jpg 22.999992 120.228370 0 90 0
c25_23_000084_120_228355_1zJW5XrKiLzZ7GRvfMYE2w_5.jpg 23.000084 120.228355 0 90 0
c25_23_000172_120_192245_rBtZTSQIJ_2wYPfmCjuwmg_4.jpg 23.000172 120.192245 0 90 0
c25_23_000182_120_228341_W7ry5PLdE7n9XCza8Sao6g_4.jpg 23.000182 120.228341 0 90 0
c25_23_000202_120_192164_Z-yEArQ_HT59XOoRSn69Zg_5.jpg 23.000202 120.192164 0 90 0
c25_23_004009_120_204256_4m85tEN8-vtMGIK2TsMPjg_5.jpg 23.004009 120.204256 0 90 0
c25_23_007013_120_267661_2dMrcyVjhmGnZct65VtM0Q_3.jpg 23.007013 120.267661 0 90 0
c25_23_161628_120_17819_nEFWqK-qS3jRkGWPZMAxoA_4.jpg 23.161628 120.178190 0 90 0
c25_23_300448_120_313436_kcGAior_0_VJCmEPY7ak7g_0.jpg 23.300448 120.313436 0 90 0
c25_23_30063_120_313457_aAgjY73obi87vGwRpmAWSw_2.jpg 23.300630 120.313457 0 90 0
c25_24_146828_120_656768_y_yKUgEfXYwe70HfXyJRiQ_2.jpg 24.146828 120.656768 0 90 0
c25_24_14695_120_656762_Qfp_P3hTiiV3CZvQykCE4w_0.jpg 24.146950 120.656762 0 90 0
c25_24_164939_120_673981_mKqZfBtjqGF4F14Z34dS3A_1.jpg 24.164939 120.673981 0 90 0
c25_24_346193_120_623771_q65YZCBWtk1z6kqPyHVqTQ_1.jpg 24.346193 120.623771 0 90 0
c25_24_346267_120_62383_MWjVf3LsuInj_8WjyBRsKQ_0.jpg 24.346267 120.623830 0 90 0
c25_24_75788_121_752669_y159XaSMLEQNfJEhe-5-bw_4.jpg 24.757880 121.752669 0 90 0
c25_24_784875_121_013804_2-reU7AwqW73e4GqkX-5rw_4.jpg 24.784875 121.013804 0 90 0
c25_24_784955_121_01384_hobds_fdZbFmBgnEsxNITA_5.jpg 24.784955 121.013840 0 90 0
c25_24_804827_120_955372_HAARfBFDhkDTmmd7NtB8_A_1.jpg 24.804827 120.955372 0 90 0
c25_24_804862_120_955255_qgKEWCNnNYXspXkKQcuySQ_2.jpg 24.804862 120.955255 0 90 0
c25_24_882286_121_289049_VSNxwAPGlOJ9KbUmNt4-3A_0.jpg 24.882286 121.289049 0 90 0
c25_24_910942_121_145688_p5hWlbQKGtwywbzGdsdfjA_0.jpg 24.910942 121.145688 0 90 0
c25_24_93128_121_297093_PPm18iYJjUQFrHnZhJ_EQA_4.jpg 24.931280 121.297093 0 90 0
c25_24_950308_121_212945_fGzfDGR9l49TYbVduj6OzQ_1.jpg 24.950308 121.212945 0 90 0
c25_24_993678_121_50501_M0DRQypXbV8827Db2V25Bw_1.jpg 24.993678 121.505010 0 90 0
c25_24_994468_121_424713_F7agpaQ3LeX6-bn1knSdvQ_6.jpg 24.994468 121.424713 0 90 0
c25_24_99459_121_424697_KQgcCCYA90vY46o0TPlLtA_5.jpg 24.994590 121.424697 0 90 0
c25_24_995169_121_544839_usEe6UG4ogh8rtKsBhX0FA_5.jpg 24.995169 121.544839 0 90 0
c25_24_998586_121_308667_kXjMUpQqS4Q6Y0iOVLtH1g_2.jpg 24.998586 121.308667 0 90 0
c25_25_017146_121_476699_n4CECSM6JLhDviqbshq0xA_1.jpg 25.017146 121.476699 0 90 0
c25_25_026764_121_493878_dBQ5710_YJejGR-UQZ2XCg_4.jpg 25.026764 121.493878 0 90 0
c25_25_038287_121_45188_nBn9wlD0PZ4cNjRS1e5D_g_3.jpg 25.038287 121.451880 0 90 0
c25_25_06407_121_197001_ZkVzV-ctVg97ETn92qMr0A_5.jpg 25.064070 121.197001 0 90 0
c25_25_068374_121_518341_PxF-7-nNyhYQY5Jhxb1BNg_5.jpg 25.068374 121.518341 0 90 0
c25_25_086057_121_509557_YyuCmxXO5PAU68MbkxIkBw_4.jpg 25.086057 121.509557 0 90 0
c25_25_128106_121_468098_103UgckOSO6wuXSfTrWf0A_2.jpg 25.128106 121.468098 0 90 0
c36_23_002397_120_195752_1zQRx0b9ZnHk-zJdIajWlg_4.jpg 23.002397 120.195752 0 90 0
c36_23_009843_120_233011_2Ldn29vP0s-nIEILod_5KA_5.jpg 23.009843 120.233011 0 90 0
c36_24_141762_120_639418_6Wvh6Idh2RVdXmlkZWf0pw_1.jpg 24.141762 120.639418 0 90 0
c36_24_141897_120_639359_l0fg6Kki7oFr0YEof8ym2A_5.jpg 24.141897 120.639359 0 90 0
c36_24_150129_120_676158_DMOfJZOLoU8075-nKZSmdA_5.jpg 24.150129 120.676158 0 90 0
c36_24_167058_120_653145_lR1uC-YkW3Lsc1BH4HkPeQ_4.jpg 24.167058 120.653145 0 90 0
c36_24_167154_120_653251_aIsB4xJOw5fYeRMqn7ueWA_5.jpg 24.167154 120.653251 0 90 0
c36_24_167243_120_65336_6MTzPptmmi_FBPebph09Zg_5.jpg 24.167243 120.653360 0 90 0
c36_24_170851_120_685695_WikAk7qHL-DF18CmyIuWlg_1.jpg 24.170851 120.685695 0 90 0
c36_24_177822_120_668877_w8TCPNhDvRybwRViD4CdzQ_4.jpg 24.177822 120.668877 0 90 0
c36_24_241951_120_563699_7WreAJO909bF9Q5LXiBTuQ_4.jpg 24.241951 120.563699 0 90 0
c36_24_253174_120_717253_Afl73pw_9-KXJrSmnspQBw_4.jpg 24.253174 120.717253 0 90 0
c36_24_25319_120_717353_3FloWjKfFUXusjle7kQ-AQ_5.jpg 24.253190 120.717353 0 90 0
c36_24_25587_120_71418_eQTSnoY9sjTSqGGIq_Tz7A_4.jpg 24.255870 120.714180 0 90 0
c36_24_255889_120_714269_812hhQhHSgFuqx7P-s97ag_5.jpg 24.255889 120.714269 0 90 0
c36_24_347142_120_62452_aRsQ80sZWE3li-5SFm5r5A_1.jpg 24.347142 120.624520 0 90 0
c36_24_987381_121_455317_ZKkVoZwk4W4FrLl8YrVxtg_2.jpg 24.987381 121.455317 0 90 0
c36_24_989306_121_422106_LST6C--BBZuH0r8d_bllZQ_5.jpg 24.989306 121.422106 0 90 0
c36_24_989392_121_422156_MpbfvRwFjXUav8YzhgzuGQ_4.jpg 24.989392 121.422156 0 90 0
c36_24_990027_121_311818_rdX4XiV2UMh5gF78sokt-Q_2.jpg 24.990027 121.311818 0 90 0
c36_25_001139_121_307008_jWp1XmqUrT5aqpC1kBhBww_1.jpg 25.001139 121.307008 0 90 0
c36_25_00733_121_514814_Zbm9jBEGLRu2wqwK9Oi_Pw_1.jpg 25.007330 121.514814 0 90 0
c36_25_007832_121_507947_fRpkICyuQqrrg23pdmLiVQ_4.jpg 25.007832 121.507947 0 90 0
c36_25_011733_121_432692_pmZWFwZYN5wWQlbhdDVlcQ_4.jpg 25.011733 121.432692 0 90 0
c36_25_020381_121_49786_5sMqEJBBXs0jI6L3lhKjNw_5.jpg 25.020381 121.497860 0 90 0
c36_25_020447_121_497902_cTUVUvbms2sg64onRC0Cpg_4.jpg 25.020447 121.497902 0 90 0
c36_25_029186_121_521004_wbtpjaRtOEvUrUuuMGsvBQ_4.jpg 25.029186 121.521004 0 90 0
c36_25_040405_121_504577_9si-uky9x2gT001G9Sql9w_4.jpg 25.040405 121.504577 0 90 0
c36_25_040444_121_504523_Ovp5KLwHnFQ--UI4tg6wug_4.jpg 25.040444 121.504523 0 90 0
c36_25_041446_121_554757_U6Ak2zds9oYQLPa3ZHBazg_5.jpg 25.041446 121.554757 0 90 0
c36_25_042348_121_565292_EBGQ8b6G4gfQLtLtlaGQsw_4.jpg 25.042348 121.565292 0 90 0
c36_25_042408_121_565323_CbMMM9aIdkAlPNdfpEVg_Q_5.jpg 25.042408 121.565323 0 90 0
c36_25_042596_121_531733_cmhm7qarTRYnSoyyMQft2g_4.jpg 25.042596 121.531733 0 90 0
c36_25_044308_121_514996_r8549T7t_Lf-_yleeE5WVw_4.jpg 25.044308 121.514996 0 90 0
c36_25_052008_121_533823_WGfMg4IR9tgqJhPNB5NVEw_5.jpg 25.052008 121.533823 0 90 0
c36_25_054995_121_61047_7GLAVQr6ttUcLKnpJPiRFA_1.jpg 25.054995 121.610470 0 90 0
c36_25_059795_121_549506_GVCMVIKPGNwaaYjh6Clmxw_2.jpg 25.059795 121.549506 0 90 0
c36_25_059825_121_549444_ZYwo987wxiJ2R6EFsAS5BQ_1.jpg 25.059825 121.549444 0 90 0
c36_25_061999_121_547327_uU1z5XDDkoe11UVdVnFtPw_5.jpg 25.061999 121.547327 0 90 0
c36_25_06281_121_487072_3Mbtg-0vWXC6smq4ifwBEQ_4.jpg 25.062810 121.487072 0 90 0
c36_25_068995_121_591721_S2vpYpHSbImkOif_2SNcCg_5.jpg 25.068995 121.591721 0 90 0
c36_25_080944_121_568809_frCvIy9fA8qJ7eiG5GF9Sg_0.jpg 25.080944 121.568809 0 90 0
c36_25_081188_121_590562_FhzFjSIyqu3gtJzxqzRCcw_5.jpg 25.081188 121.590562 0 90 0
c36_25_17061_121_442211_bfpFrAxhDTnwOZTXJZBQAw_5.jpg 25.170610 121.442211 0 90 0
c38_23_057602_120_218623_h7xh4u7jxtQ3qI0pVDWzyw_0.jpg 23.057602 120.218623 0 90 0
c38_23_959271_120_572055_WkGA-yJmzQGkx_j6Hbk6uw_5.jpg 23.959271 120.572055 0 90 0
c38_23_959271_120_572199_vPI-tO4q9DsyntYHJ9nCFg_6.jpg 23.959271 120.572199 0 90 0
c38_23_959322_120_571999_z93rHa-vV1nMrKNX5W0pZQ_4.jpg 23.959322 120.571999 0 90 0
c38_24_158551_120_65664_EWYPWZk8qHreHo9X0lJF6w_4.jpg 24.158551 120.656640 0 90 0
c38_24_256256_120_828794_QzcFB6Dzp5vtXSNq9G_tqA_2.jpg 24.256256 120.828794 0 90 0
c38_24_270701_120_576471_qPpwjPkF24G9qIAoRPydBQ_0.jpg 24.270701 120.576471 0 90 0
c38_24_350606_120_627226_RYqigOWPPBGjGiB9uxCNwA_5.jpg 24.350606 120.627226 0 90 0
c38_24_936194_121_371234_BVgGyLzB3_3r4MxWvCP4Yg_0.jpg 24.936194 121.371234 0 90 0
c38_24_955906_121_213012_-uvk4Hd8dznuHzbRIPdw2A_1.jpg 24.955906 121.213012 0 90 0
c38_24_955999_121_213038_2vZsxgBoveN_-E2awaQnA_1.jpg 24.955999 121.213038 0 90 0
c38_24_976406_121_255103_q1vKW97mC7NVUic7Ug82IA_5.jpg 24.976406 121.255103 0 90 0
c38_24_982881_121_536379_exOyUjauM4jn9PqJS_ecRQ_3.jpg 24.982881 121.536379 0 90 0
c38_25_035983_121_448491_7aftRj2xzeYYP1fpMlHACA_2.jpg 25.035983 121.448491 0 90 0
c38_25_036078_121_448434_Mc-d8e5NaUZa_ddAckRDeQ_1.jpg 25.036078 121.448434 0 90 0
c38_25_041202_121_564964_HNAuxTx3-zhBM6heYwXePQ_5.jpg 25.041202 121.564964 0 90 0
c38_25_041397_121_550455_TXdSZcCWKwYLF_admU3aBg_4.jpg 25.041397 121.550455 0 90 0
c38_25_041398_121_550562_EsCX0WTZWHLj048EzUra8Q_5.jpg 25.041398 121.550562 0 90 0
c38_25_043107_121_506043_dBiQRbfrIYp0EOi5buuQ1g_2.jpg 25.043107 121.506043 0 90 0
c38_25_043183_121_506058_xfiTf52sITSUsFatDYE5yg_2.jpg 25.043183 121.506058 0 90 0
c38_25_04542_121_513205_MM-JOoeJM2pwfvfylK-kdg_0.jpg 25.045420 121.513205 0 90 0
c38_25_045807_121_513254_okq9ErL9JGeqcWdZcTN4dA_2.jpg 25.045807 121.513254 0 90 0
c38_25_051541_121_564068_OOrZRjeeeft-1HHfnXlveg_4.jpg 25.051541 121.564068 0 90 0
c38_25_0515_121_555146_WKb7BqbXJKyIPy45xzwWfA_4.jpg 25.051500 121.555146 0 90 0
c38_25_056362_121_280229_64fJCdigwXITJv4tGUuUSw_5.jpg 25.056362 121.280229 0 90 0
c38_25_05893_121_494323_Wo-AJScgnYyHlkOXhGHyPg_4.jpg 25.058930 121.494323 0 90 0
c38_25_061803_121_544352_TMnb_h5nb_exN8kQqFv_MA_5.jpg 25.061803 121.544352 0 90 0
c38_25_063393_121_501_kVB3MCB4nOl6C0cFrEXdNA_5.jpg 25.063393 121.501000 0 90 0
c38_25_069232_121_59132_J1MSgZ85RUGCQSPh5e4rkg_5.jpg 25.069232 121.591320 0 90 0
c38_25_069604_121_513845_OC4xx137NMzCekh7foRVew_4.jpg 25.069604 121.513845 0 90 0
c38_25_071062_121_494353_BfL-z4KjJMZZV3skjZDttA_1.jpg 25.071062 121.494353 0 90 0
c38_25_081958_121_548753_vJBexIjA2c9U2TBQRdEm0w_3.jpg 25.081958 121.548753 0 90 0
c38_25_092133_121_525168_KuTsxsQMFshN0uz59UKvjA_3.jpg 25.092133 121.525168 0 90 0
c38_25_092158_121_525209_dGVHyZ-mIN0kIJdBOsnvFQ_4.jpg 25.092158 121.525209 0 90 0
c38_25_092178_121_525337_HL9qGcR-eHSX9EQ5Vs8OiA_6.jpg 25.092178 121.525337 0 90 0
c38_25_17577_121_441994_v9B2H6l6SksepgfNrlsxAg_5.jpg 25.175770 121.441994 0 90 0
c44_24_81009_120_977145_p_Fc4ZlB39ijwgGdqBBexA_5.jpg 24.810090 120.977145 0 90 0
c44_24_81012_120_97712_obwetR1MkusX-the2ToJiw_5.jpg 24.810120 120.977120 0 90 0
c44_24_962057_121_225419_RInZRtsUbsxYq7TRcrF5CA_5.jpg 24.962057 121.225419 0 90 0
c44_24_986554_121_465514_8M3gzJxiEVIRHnKDlEwILw_4.jpg 24.986554 121.465514 0 90 0
c44_24_988438_121_446855_CN5buYDP6ZnBSoQTm5OvNw_1.jpg 24.988438 121.446855 0 90 0
c44_25_001762_121_306613_Ikg8R8q986iF23iFmBLJ7Q_0.jpg 25.001762 121.306613 0 90 0
c44_25_001858_121_306553_qM8vsrIgvPi3Z4xt72nncw_1.jpg 25.001858 121.306553 0 90 0
c44_25_007389_121_506543_wUy_wzIvbPItvJs7v1BIQA_4.jpg 25.007389 121.506543 0 90 0
c44_25_027817_121_49557_eSvn0iNZsYXZEMsmFNthiQ_0.jpg 25.027817 121.495570 0 90 0
c44_25_027959_121_495496_DDYSyl5u4H7mnjBAzjNV5A_2.jpg 25.027959 121.495496 0 90 0
c44_25_032566_121_518754_pQ4_9O3yqjVBc_Cj2a2FPA_5.jpg 25.032566 121.518754 0 90 0
c44_25_032605_121_518675_yKNSp47Hu_3fuNyX-a2Anw_6.jpg 25.032605 121.518675 0 90 0
c44_25_037552_121_538278_p45D7neuawUypRaYR6BSMQ_1.jpg 25.037552 121.538278 0 90 0
c44_25_037965_121_504473_9TNFyOHFVVa5P6710TXphg_1.jpg 25.037965 121.504473 0 90 0
c44_25_041829_121_539767_SDMJKzY5ZBV4nu3tuIS-sg_3.jpg 25.041829 121.539767 0 90 0
c44_25_042606_121_565213_tvzF5WFDotAKm2qcV9btYg_5.jpg 25.042606 121.565213 0 90 0
c44_25_043361_121_506097_puIo3knc8PBxbIi3Y2y1iA_1.jpg 25.043361 121.506097 0 90 0
c44_25_043398_121_515794_x15o3FXjHVr-MLuegg4rQw_5.jpg 25.043398 121.515794 0 90 0
c44_25_04869_121_526727_KWGIk7kHccUnfWJQBKP2CA_5.jpg 25.048690 121.526727 0 90 0
c44_25_04871_121_526627_ZnSHw-zCicqsVvY7SlMl3Q_4.jpg 25.048710 121.526627 0 90 0
c44_25_050102_121_532879_Q6hVR0ujcYE-uOJY4IyJLw_4.jpg 25.050102 121.532879 0 90 0
c44_25_056061_121_530088_QK3Wv_GgLvovaB2Utkup-A_1.jpg 25.056061 121.530088 0 90 0
c44_25_059668_121_518074_l6ak7UM-xSAfyDMZ7AJFnQ_4.jpg 25.059668 121.518074 0 90 0
c44_25_060299_121_536549_HKVuViRmb7c3qseGSTuRjA_1.jpg 25.060299 121.536549 0 90 0
c44_25_060954_121_46437_QUEuPck3dcjl4paH6GFC3Q_4.jpg 25.060954 121.464370 0 90 0
c44_25_069151_121_513636_Z5K0WzPB6wj-lmvPEsXp_A_5.jpg 25.069151 121.513636 0 90 0
c44_25_069263_121_513637_vBW-wp6PUd_PtmV_anCz4Q_4.jpg 25.069263 121.513637 0 90 0
c44_25_112138_121_526255_XKContQmUNkpy1tBjbmZKA_4.jpg 25.112138 121.526255 0 90 0
c44_25_112285_121_52633_erBY-ABOEZan_P868jnxBA_5.jpg 25.112285 121.526330 0 90 0
c44_25_133527_121_501402_w0rEr-7DtDtDS38rzSqLjg_1.jpg 25.133527 121.501402 0 90 0
c44_25_133574_121_501336_-QY2c1S3-TimB8HinAUDaA_2.jpg 25.133574 121.501336 0 90 0
c45_24_152398_120_680466_h51C6x3dkPLyQcYL6OvuqA_4.jpg 24.152398 120.680466 0 90 0
c45_24_174046_120_672531_qUYGh6AgLF2KiA7Y3aoXVg_5.jpg 24.174046 120.672531 0 90 0
c45_24_555058_120_819045_MWYpH0Y5reayrto42KQSeQ_2.jpg 24.555058 120.819045 0 90 0
c45_24_555145_120_819096_coU2f-LnbTocwqrEocsXbg_1.jpg 24.555145 120.819096 0 90 0
c45_24_685641_120_907199_FnL4Q69hOA8bzEUlvFVDww_5.jpg 24.685641 120.907199 0 90 0
c45_24_741989_121_085434_ObBcMMx1Fiepl_fhgo-pxg_5.jpg 24.741989 121.085434 0 90 0
c45_24_936841_121_370168_NEGLWDcWteMsHoDsV14OCA_0.jpg 24.936841 121.370168 0 90 0
c45_24_940232_121_215283_WycVOjmWl8r9FHf0aJf6qg_1.jpg 24.940232 121.215283 0 90 0
c45_24_982833_121_535233_059DAWd4YVjBRjYdEXohOA_1.jpg 24.982833 121.535233 0 90 0
c45_24_986048_121_45202_TEGsqtOKZ39G_sana4uoXA_1.jpg 24.986048 121.452020 0 90 0
c45_24_986121_121_451922_PlPDloYQq5X2Ym3c-l6OZg_2.jpg 24.986121 121.451922 0 90 0
c45_24_990539_121_512085_bbO6vn4D1uQ_kcr4-MTEUQ_5.jpg 24.990539 121.512085 0 90 0
c45_24_993182_121_329298_pBuaRyOxUn8OLLtCwcBPdA_1.jpg 24.993182 121.329298 0 90 0
c45_25_002111_121_461794_IU8klJTdceg3H2Qi23poLw_2.jpg 25.002111 121.461794 0 90 0
c45_25_007838_121_521421_0BMPwnzdzZjOZTOH1xc6eg_5.jpg 25.007838 121.521421 0 90 0
c45_25_010907_121_139233_VjKfqtJBINWH-9MIxFyXAA_5.jpg 25.010907 121.139233 0 90 0
c45_25_033935_121_529483_GNL44ADlyyzel97sMED8_w_0.jpg 25.033935 121.529483 0 90 0
c45_25_038109_121_544963_Glw4S6kjE-t5e5jnO0oP0g_4.jpg 25.038109 121.544963 0 90 0
c45_25_042315_121_505937_eYy86X29m3LaFWrhMtWARw_0.jpg 25.042315 121.505937 0 90 0
c45_25_042354_121_532647_U-0XovtlZhvTvarvnuSrmw_4.jpg 25.042354 121.532647 0 90 0
c45_25_042518_121_544045_PmbuydTp6W21Sg4QRlNXBg_5.jpg 25.042518 121.544045 0 90 0
c45_25_043149_121_511507_uG538OrUN5XrVgH3cfrcCg_4.jpg 25.043149 121.511507 0 90 0
c45_25_057288_121_634075_G7xpnR3LxBdAaoAq9OTjtg_3.jpg 25.057288 121.634075 0 90 0
c45_25_060697_121_462491_FNp8jYM1T2QnVMxH6uwZvQ_5.jpg 25.060697 121.462491 0 90 0
c45_25_098479_121_715995_LEqoMQ0H6NBgo0TaXw6e2g_1.jpg 25.098479 121.715995 0 90 0
c58_25_001797_121_459625_GZTTRBeTkWUrm_gJV5Up2g_2.jpg 25.001797 121.459625 0 90 0
c58_25_024351_121_426756_FtxJlDQgh8mvXD5GiXJuzQ_1.jpg 25.024351 121.426756 0 90 0
c58_25_024506_121_550001_71giRW6KTWGZfQqFx6b7uA_5.jpg 25.024506 121.550001 0 90 0
c58_25_033756_121_531562_5up-JlsDVLtbYmWScU4Bsw_0.jpg 25.033756 121.531562 0 90 0
c58_25_04808_121_556164_jql_amSEsOAQea2Ehv_AoQ_1.jpg 25.048080 121.556164 0 90 0
c58_25_051536_121_566539_MST82ZpaOCdWNdKGWYaI1Q_4.jpg 25.051536 121.566539 0 90 0
c58_25_051616_121_444696_bFRs4T4riiPKMAkRhPv5Ig_1.jpg 25.051616 121.444696 0 90 0
c58_25_066941_121_656227_Dt6OcxvSR_bobG6PZogiVQ_4.jpg 25.066941 121.656227 0 90 0
c58_25_072955_121_606638_OoHwrI5fjQDkYYcYZb1RWw_5.jpg 25.072955 121.606638 0 90 0
c58_25_079994_121_550136_Ud2vHYMW2t8lyZMLR6Yi1A_1.jpg 25.079994 121.550136 0 90 0
c58_25_081662_121_464423_zESQv6o9Io1ilX1WVA59dg_4.jpg 25.081662 121.464423 0 90 0
c58_25_113761_121_511672_DeNwAqjhU4RRuXPuD-L1Cw_2.jpg 25.113761 121.511672 0 90 0
c58_25_131703_121_499252_U0AZOYtLMkrbCSYyve980w_0.jpg 25.131703 121.499252 0 90 0
c58_25_131758_121_499202_6M3l1u4i2mAG7Xq-DZGzw_1.jpg 25.131758 121.499202 0 90 0
c60_24_797434_120_968975_JJ8wmC8FBRwy87Ak7vgWcA_5.jpg 24.797434 120.968975 0 90 0
c60_24_811687_121_025938_IuubgaA21e57hsHLOPTN9w_1.jpg 24.811687 121.025938 0 90 0
c60_24_814362_120_974634_Fl2a8Sxd6NhDYmC-MH3ZsQ_5.jpg 24.814362 120.974634 0 90 0
c60_24_965849_121_225146_zaZOM9v2OsWDzbpV1qTrmg_0.jpg 24.965849 121.225146 0 90 0
c60_24_981635_121_560244_vgE_ShPyO6Roc0RKl48bKg_5.jpg 24.981635 121.560244 0 90 0
c60_24_981673_121_560435_RN7u8NlphICd17hJQBMSuw_4.jpg 24.981673 121.560435 0 90 0
c60_24_987755_121_570897_6ALKCOKVa84J9C1xbalU4A_4.jpg 24.987755 121.570897 0 90 0
c60_24_999609_121_496322_jxleViDvhEAO7v0x-Ks_GA_5.jpg 24.999609 121.496322 0 90 0
c60_24_999768_121_521834_l2A8RgxwJTFzKsP3R-AI_g_1.jpg 24.999768 121.521834 0 90 0
c60_24_999786_121_521722_cNfs2xAuaNkTcDc4wbbFCg_1.jpg 24.999786 121.521722 0 90 0
c60_24_999804_121_521612_ya0hwUDwZtq5yYquiR1osw_2.jpg 24.999804 121.521612 0 90 0
c60_25_018422_121_530483_UC4Q7dPSWnNl8XahyUj9bQ_5.jpg 25.018422 121.530483 0 90 0
c60_25_033757_121_57484_Yn1am6vnFRuRxZzEvmdDPw_5.jpg 25.033757 121.574840 0 90 0
c60_25_041147_121_566517_ofiI5PjtjiIt9lOOlqko8w_4.jpg 25.041147 121.566517 0 90 0
c60_25_049198_121_448741_Sjnybynl0NCHh5iUB53CAw_1.jpg 25.049198 121.448741 0 90 0
c60_25_052232_121_529084_uFiFJ4AlcFwVRciyhgvY6Q_3.jpg 25.052232 121.529084 0 90 0
c60_25_053247_121_51822_ON6YDSYnJhioNzs72u5RfQ_4.jpg 25.053247 121.518220 0 90 0
c60_25_053264_121_518142_Ktoglo-FFvCdAVGvDymWuQ_5.jpg 25.053264 121.518142 0 90 0
c60_25_059508_121_532999_ICykuw-n1OJ28aoJX6J9fA_5.jpg 25.059508 121.532999 0 90 0
c60_25_061462_121_494494_MX8GYUMFOysOCw5RKKcwTg_5.jpg 25.061462 121.494494 0 90 0
c60_25_078478_121_580104_j7ifuC7qoozPvS6ixnBpHQ_5.jpg 25.078478 121.580104 0 90 0
c60_25_080089_121_547518_2eLyxUtiJbLLQhmd6aoqGw_5.jpg 25.080089 121.547518 0 90 0
c60_25_08091_121_573055_a4HGZwA2puWfsArizp4PkQ_4.jpg 25.080910 121.573055 0 90 0
c60_25_08091_121_573197_CK6AqQNvIp0lIqJcIN9FEA_2.jpg 25.080910 121.573197 0 90 0
c60_25_105146_121_522631_Bq_T1Er7aZRIlyF2X7ahaw_5.jpg 25.105146 121.522631 0 90 0
c60_25_118502_121_526963_Hqea-PlDCW7U2EJpANyp2Q_3.jpg 25.118502 121.526963 0 90 0
c60_25_134057_121_500625_uv6NT0iScJ4M0tZHZuCH5w_1.jpg 25.134057 121.500625 0 90 0
c62_25_002645_121_459768_5ltatnxVz0ZoaOoX63Wn0A_0.jpg 25.002645 121.459768 0 90 0
c62_25_002745_121_459829_SrF1KJwKHF1XKFaYUyc3mA_1.jpg 25.002745 121.459829 0 90 0
c62_25_003634_121_514023_GTXWaf1qQwsDSaSTla10JA_1.jpg 25.003634 121.514023 0 90 0
c62_25_005953_121_474998_8d2_oBuChmurN-uSG8mv0w_4.jpg 25.005953 121.474998 0 90 0
c62_25_007727_121_520205_rhzH4CjVyem4XQime2BLBg_5.jpg 25.007727 121.520205 0 90 0
c62_25_012734_121_515166_2WbHLPZFbLWZWRbVrdMA5Q_5.jpg 25.012734 121.515166 0 90 0
c62_25_017758_121_477783_yw5xuJCHu0H1RQ1BR7y5YA_2.jpg 25.017758 121.477783 0 90 0
c62_25_022707_121_461221_uIgRRvdBhAF_Kt76zpZl9Q_0.jpg 25.022707 121.461221 0 90 0
c62_25_02851_121_568496_F-O2Fu_KnFq3DafPq29v3A_5.jpg 25.028510 121.568496 0 90 0
c62_25_032692_121_548525_u4oE8PLn2YWpFwPlPR7dOw_4.jpg 25.032692 121.548525 0 90 0
c62_25_034007_121_52896_8gkS1nj3viYColJUg9Nptg_2.jpg 25.034007 121.528960 0 90 0
c62_25_04115_121_566433_B5ZoX4EuvfIXGpfNDPRA7w_4.jpg 25.041150 121.566433 0 90 0
c62_25_042811_121_54857_Rh_hAaN4WSWyJkPXQWKlgQ_3.jpg 25.042811 121.548570 0 90 0
c62_25_043332_121_582925_4o6ny6VMM4ZXKOBa7KyGdA_2.jpg 25.043332 121.582925 0 90 0
c62_25_05276_121_514059_xsN3B4w4FceujrOjookMfA_5.jpg 25.052760 121.514059 0 90 0
c62_25_060089_121_544047_noho9xcfXTRlMSdqgmR1CQ_4.jpg 25.060089 121.544047 0 90 0
c62_25_116006_121_515842_29vo2iGdkshVs1KajG1Nvg_5.jpg 25.116006 121.515842 0 90 0
c62_25_138507_121_502276_L5RtWTPUtHcjiwiFzUuShg_2.jpg 25.138507 121.502276 0 90 0
