c5_24_999993_121_539706_2hh7aybpk4daf_mmyhtkrw_5.jpg 24.999993 121.539706 0 90 0
c5_25_021671_121_50259_j7dvzhqbxtnop2cwsjciig_4.jpg 25.021671 121.502590 0 90 0
c5_25_023343_121_546662_wp4nypjnggqx1m_wccw4g_5.jpg 25.023343 121.546662 0 90 0
c5_25_025403_121_522845_s22gbjud4i9kr3w_po72la_0.jpg 25.025403 121.522845 0 90 0
c5_25_0254_121_500531_rk_toovadsddbyy1bdwuhq_3.jpg 25.025400 121.500531 0 90 0
c5_25_025748_121_566442_zyepzn0rniusxk1r3l0q3w_6.jpg 25.025748 121.566442 0 90 0
c5_25_026266_121_543597_asxbvtqucudrs5fevauwlq_4.jpg 25.026266 121.543597 0 90 0
c5_25_026297_121_513777_qu8wkrkobun50emg0d8uja_5.jpg 25.026297 121.513777 0 90 0
c5_25_02702_121_563696_uzqmbcw4r5c1yuuc3etenq_1.jpg 25.027020 121.563696 0 90 0
c5_25_027103_121_563632_h0qrdzo8ft7lrioiqqxwsq_2.jpg 25.027103 121.563632 0 90 0
c5_25_02748_121_493294_xdqu2isrmzmjr9lmsaodcq_0.jpg 25.027480 121.493294 0 90 0
c5_25_027959_121_509487_woasplgieiouzdwissclka_4.jpg 25.027959 121.509487 0 90 0
c5_25_028038_121_509343_5ql8_v5ecogtrfvx6gfiwa_2.jpg 25.028038 121.509343 0 90 0
c5_25_028525_121_568346_dokmebgv838fddaon8dcjq_4.jpg 25.028525 121.568346 0 90 0
c5_25_029109_121_564896_opnt_hcyaylaggu1iztupg_4.jpg 25.029109 121.564896 0 90 0
c5_25_029158_121_50485_hvfunywgiy2yqgpg9h0bdg_4.jpg 25.029158 121.504850 0 90 0
c5_25_030441_121_529561_accz2a19b6sztjiju4ccqw_2.jpg 25.030441 121.529561 0 90 0
c5_25_030741_121_546069_t12ykxo8zqwllj1sxou2dq_5.jpg 25.030741 121.546069 0 90 0
c5_25_031129_121_50037_edfsxqcog4p2xnog0znz9g_4.jpg 25.031129 121.500370 0 90 0
c5_25_032147_121_515264_y7vjioctmk2ocfbm5zuoxg_1.jpg 25.032147 121.515264 0 90 0
c5_25_032174_121_515345_l7n_tt05enahntmvj_f5g_2.jpg 25.032174 121.515345 0 90 0
c5_25_033064_121_505113_cjl_6oewtgylhgzexbk00g_4.jpg 25.033064 121.505113 0 90 0
c5_25_034095_121_493089_wq9oydzlribuxifido6hmq_4.jpg 25.034095 121.493089 0 90 0
c5_25_034184_121_550306_nntbu4emaq01_enaywlcxw_5.jpg 25.034184 121.550306 0 90 0
c5_25_034393_121_498692_q2ntad5vafwqd097wtrdhw_5.jpg 25.034393 121.498692 0 90 0
c5_25_036672_121_500665_m_3w6yvyz4q5nfx0s2zcjw_2.jpg 25.036672 121.500665 0 90 0
c5_25_037219_121_577038_ql2555ydjayf3t_y_1wcya_0.jpg 25.037219 121.577038 0 90 0
c5_25_037692_121_53931_3z4ojz_xuknccn_sh1vj8a_2.jpg 25.037692 121.539310 0 90 0
c5_25_038336_121_61694_evdecluxe6pwoliqni8lww_2.jpg 25.038336 121.616940 0 90 0
c5_25_038512_121_497828_f_0vn4z54lfmngk7phay_w_5.jpg 25.038512 121.497828 0 90 0
c5_25_039037_121_525344_7mxehot_h5xkvyxkaeqjya_3.jpg 25.039037 121.525344 0 90 0
c5_25_04044_121_504437_gkwv9xxl_oxzafholmbtsw_1.jpg 25.040440 121.504437 0 90 0
c5_25_040603_121_563358_r9ukx8l2xo4uw9tnazzmyw_1.jpg 25.040603 121.563358 0 90 0
c5_25_041018_121_541292_2o8dbifjcbmyhgmcois_gq_4.jpg 25.041018 121.541292 0 90 0
c5_25_041117_121_541326_9omcrytjdoby29fgihwaeg_0.jpg 25.041117 121.541326 0 90 0
c5_25_041223_121_565257_e16owos6_4yzyknmujjvxa_4.jpg 25.041223 121.565257 0 90 0
c5_25_041738_121_568713_srmf_zq1jlr5fs5wdixppq_0.jpg 25.041738 121.568713 0 90 0
c5_25_042301_121_539536_gnk4vrvor_5x8ommosqkvq_2.jpg 25.042301 121.539536 0 90 0
c5_25_042335_121_512863_imdouvtzawzmk_endzy_7a_4.jpg 25.042335 121.512863 0 90 0
c5_25_042336_121_512783_3kmghnygaw9s5ymuokjpgq_5.jpg 25.042336 121.512783 0 90 0
c5_25_042659_121_554152_tft90ulru9cj1dc1jlunyw_3.jpg 25.042659 121.554152 0 90 0
c5_25_043191_121_504565_1omjpi_wubuunojvlufla_2.jpg 25.043191 121.504565 0 90 0
c5_25_043213_121_504483_un72zxtybb2hnt30bbfb9q_1.jpg 25.043213 121.504483 0 90 0
c5_25_043437_121_574133_axioqwdkp9tqqw8agpi4qa_4.jpg 25.043437 121.574133 0 90 0
c5_25_04399_121_521537_smhzyqonszl3ys8amdwwmw_2.jpg 25.043990 121.521537 0 90 0
c5_25_044018_121_521413_rt3_cgyztdkei3qrt6pcxq_1.jpg 25.044018 121.521413 0 90 0
c5_25_04403_121_521322_i5zbswmdilm7sftofznhfg_2.jpg 25.044030 121.521322 0 90 0
c5_25_044056_121_507394_kfsfhjbjvj3trmsckouhfg_1.jpg 25.044056 121.507394 0 90 0
c5_25_044729_121_577104_imovevmkhemsfvtryswpmq_1.jpg 25.044729 121.577104 0 90 0
c5_25_045561_121_543952_cnv2hxycxzkpbv1xswvlxg_4.jpg 25.045561 121.543952 0 90 0
c5_25_045695_121_506778_wixajorbwduqsy32jlsjta_2.jpg 25.045695 121.506778 0 90 0
c5_25_046338_121_586949_dtphqfjrtcudgxdnvewafw_3.jpg 25.046338 121.586949 0 90 0
c5_25_046621_121_507037_ouulqycklop9rcgvufvvow_2.jpg 25.046621 121.507037 0 90 0
c5_25_047255_121_572626_chbubwsitloj9s4yozraag_5.jpg 25.047255 121.572626 0 90 0
c5_25_047307_121_56634_sp_6fboazhv99rfslem7g_4.jpg 25.047307 121.566340 0 90 0
c5_25_047494_121_615596_jbt_5n60_3qs1mast9_jng_5.jpg 25.047494 121.615596 0 90 0
c5_25_048958_121_53306_5ykwpbigsdihc2axzjw_ug_4.jpg 25.048958 121.533060 0 90 0
c5_25_049091_121_526468_dm1s8d9ognv0uu36ityikw_0.jpg 25.049091 121.526468 0 90 0
c5_25_049265_121_594309_1rtkhnrk5odvupxxmp4vkq_3.jpg 25.049265 121.594309 0 90 0
c5_25_050512_121_516798_gpndva3ap0tyzd0aosz3uw_4.jpg 25.050512 121.516798 0 90 0
c5_25_05067_121_518099_2ysq9rmrstbhluzbk638lw_4.jpg 25.050670 121.518099 0 90 0
c5_25_05083_121_523184_strai0nx6synqmt_ipuxow_5.jpg 25.050830 121.523184 0 90 0
c5_25_051338_121_52713_p0yzpmipya0v0cdind75ow_4.jpg 25.051338 121.527130 0 90 0
c5_25_05145_121_568533_g__y9whctwpvp05svikkiw_3.jpg 25.051450 121.568533 0 90 0
c5_25_051823_121_523463_yktle7_im03ovgruxgbnrq_5.jpg 25.051823 121.523463 0 90 0
c5_25_052619_121_547628_ms8rnkmbc1g2mjzo0h8t7q_1.jpg 25.052619 121.547628 0 90 0
c5_25_053843_121_549169_0byz46phok5o3g3uv1guga_5.jpg 25.053843 121.549169 0 90 0
c5_25_054163_121_514722_cdsnsup3tlmlobunohxjqw_4.jpg 25.054163 121.514722 0 90 0
c5_25_054487_121_607651_rvdrkgq9ymyiicz2x_d70g_5.jpg 25.054487 121.607651 0 90 0
c5_25_054574_121_525394_jdo9ftfw7lrkvn8nyjkea_5.jpg 25.054574 121.525394 0 90 0
c5_25_054576_121_510063_hhwmysgdwvffkcfjs1vqvg_5.jpg 25.054576 121.510063 0 90 0
c5_25_054702_121_510096_wlrx6s5m4x7ggggiee67bq_0.jpg 25.054702 121.510096 0 90 0
c5_25_054785_121_540457_p5as8eeysptwwfvba0ifng_1.jpg 25.054785 121.540457 0 90 0
c5_25_054804_121_531542_idmxmjp7vkmexpnzbf4x_a_3.jpg 25.054804 121.531542 0 90 0
c5_25_054955_121_581088_ulhgqonzahrkqfj_ly_k8g_2.jpg 25.054955 121.581088 0 90 0
c5_25_054988_121_523783_f6s2yckohglbugp8lx82pa_4.jpg 25.054988 121.523783 0 90 0
c5_25_056301_121_524982_imp1xky70rgpnnx8lite4g_3.jpg 25.056301 121.524982 0 90 0
c5_25_056901_121_605603_o25lwoykazh9dd5scwj4ga_5.jpg 25.056901 121.605603 0 90 0
c5_25_057017_121_58465_kqpe7fp0a1efsojultujta_2.jpg 25.057017 121.584650 0 90 0
c5_25_057231_121_517472_frooy1cqv0hg3tzv2wsefw_4.jpg 25.057231 121.517472 0 90 0
c5_25_057509_121_519237_rxqecdjlwbrst_2p5prd1a_5.jpg 25.057509 121.519237 0 90 0
c5_25_057519_121_525544_muet0mdkbrzwxnexmh3_dq_3.jpg 25.057519 121.525544 0 90 0
c5_25_057521_121_519347_8to9jphxo9uz8ruw9nkeiw_4.jpg 25.057521 121.519347 0 90 0
c5_25_058013_121_531634_7oiimband8fzrsawe1udqq_4.jpg 25.058013 121.531634 0 90 0
c5_25_058345_121_51147_z1axd8dghgrdn4w6fypwdw_2.jpg 25.058345 121.511470 0 90 0
c5_25_058395_121_515186_guy4bnbrdmyrqga9fhzlrq_5.jpg 25.058395 121.515186 0 90 0
c5_25_058653_121_560401_vm_fk0_mrdj8wldefwx4oq_5.jpg 25.058653 121.560401 0 90 0
c5_25_059813_121_522845_xb1pmewtcjwwpt2kz9x6lq_4.jpg 25.059813 121.522845 0 90 0
c5_25_060332_121_534817_pvuromaof4piz3sl9lurjw_6.jpg 25.060332 121.534817 0 90 0
c5_25_060377_121_521443_9o_rbfxxf3p6f4twkvmpva_2.jpg 25.060377 121.521443 0 90 0
c5_25_060383_121_521209_ly2zcsff_k5oxicxrpbyiw_0.jpg 25.060383 121.521209 0 90 0
c5_25_060383_121_530336_ghuygyk0alqtbnbxvmc7ra_6.jpg 25.060383 121.530336 0 90 0
c5_25_061357_121_53326_78o8t983bgcv__gfue4i6q_4.jpg 25.061357 121.533260 0 90 0
c5_25_062441_121_543642_wm3eysq_lpuokesqpn419w_4.jpg 25.062441 121.543642 0 90 0
c5_25_062569_121_528817_2clhgvtbuwgxqrq94ikd3a_4.jpg 25.062569 121.528817 0 90 0
c5_25_064685_121_534847_3_xcyi1n4nc3gvcur_fbga_1.jpg 25.064685 121.534847 0 90 0
c5_25_064782_121_540977_kvu7tghndz8ykwmqswxeja_2.jpg 25.064782 121.540977 0 90 0
c5_25_064877_121_525541_skmd5xsgxjn8uuipagiycq_1.jpg 25.064877 121.525541 0 90 0
c5_25_065088_121_518497_xivkxo_jurmqsmncgjke_g_2.jpg 25.065088 121.518497 0 90 0
c5_25_065859_121_513721_5plxbxspzzxch_ojljiysw_5.jpg 25.065859 121.513721 0 90 0
c5_25_065921_121_515765_jbthmn7sbxcnc_yefyn9yq_4.jpg 25.065921 121.515765 0 90 0
c5_25_065928_121_511117_imhcitjyrmsw4u8ja_kotg_1.jpg 25.065928 121.511117 0 90 0
c5_25_066254_121_590509_lyjj_8xszbbz5trkdhvelg_4.jpg 25.066254 121.590509 0 90 0
c5_25_06683_121_540979_hsjzia1wqmpqudv3k8797g_2.jpg 25.066830 121.540979 0 90 0
c5_25_09059_121_501188_04fw1cgwx7q01on90_xyew_4.jpg 25.090590 121.501188 0 90 0
c5_25_10207_121_522417_tl7c9hybjjauhfejljcteg_5.jpg 25.102070 121.522417 0 90 0
c5_25_10579_121_531357_l9hrkpwws4jx9iqtave_xg_2.jpg 25.105790 121.531357 0 90 0
c5_25_12134_121_522937_lexjd_ikqy7gtxi9bfv1lg_5.jpg 25.121340 121.522937 0 90 0
c5_25_13659_121_496065_hi3ibjrywsaiur15tvov_q_4.jpg 25.136590 121.496065 0 90 0
c5_25_14096_121_499766_kaunzdjny4dkqxp5f5xt7g_4.jpg 25.140960 121.499766 0 90 0
c15_24_98778_121_575083_o0qqbz17vpfz3yryjxdg_w_1.jpg 24.987780 121.575083 0 90 0
c15_24_990385_121_51085_nskc1urmoweuiom16tl9gq_0.jpg 24.990385 121.510850 0 90 0
c15_24_993069_121_541677_tbdg2782mr1jllnkpyvaiq_2.jpg 24.993069 121.541677 0 90 0
c15_25_002125_121_538629_wperyvlaufxdycflxbq8vq_5.jpg 25.002125 121.538629 0 90 0
c15_25_029339_121_561779_g4mee8rkdfdrefirr5vogg_6.jpg 25.029339 121.561779 0 90 0
c15_25_033161_121_529881_ktyd5sqdfo9ugepgrcmgba_6.jpg 25.033161 121.529881 0 90 0
c15_25_033231_121_54329__x8w8ewijfxx9t_zuvyj4w_6.jpg 25.033231 121.543290 0 90 0
c15_25_04263_121_505929_sey3t9ysvxmmut8qfyugpq_1.jpg 25.042630 121.505929 0 90 0
c15_25_047627_121_55251_j_64kzkwtqgxg22wtgwjkq_3.jpg 25.047627 121.552510 0 90 0
c15_25_047978_121_577894_inp0amyj6ng2khckhu3j8q_5.jpg 25.047978 121.577894 0 90 0
c15_25_048382_121_546825_v0kw4ctdhwwlrnjqdzotkq_0.jpg 25.048382 121.546825 0 90 0
c15_25_050356_121_543926_1etpkz_pk_fajbcbjskmna_5.jpg 25.050356 121.543926 0 90 0
c15_25_050444_121_54393_d7oplrb_sjhzor_4pfkpfa_4.jpg 25.050444 121.543930 0 90 0
c15_25_057746_121_521182_xhnm68tiuo4gthpwr59kqq_4.jpg 25.057746 121.521182 0 90 0
c15_25_058588_121_560524_bzmeftc1fcok74tmdrkaua_4.jpg 25.058588 121.560524 0 90 0
c15_25_059699_121_525582_fgjrvod4fvenz_hs8ijffg_5.jpg 25.059699 121.525582 0 90 0
c15_25_060178_121_543814_50wyyf4j_pin4tmtpzpokg_2.jpg 25.060178 121.543814 0 90 0
c15_25_0602_121_544049_ekfsm_xerbdmii_g2heidw_4.jpg 25.060200 121.544049 0 90 0
c15_25_062728_121_519214_qsufmh8etqzy85fxfzocia_6.jpg 25.062728 121.519214 0 90 0
c15_25_063054_121_516685_nbbjmv9e1cwgvgx69utskg_4.jpg 25.063054 121.516685 0 90 0
c15_25_063056_121_516601_hzlz734dq3k8zsetkr4gjq_5.jpg 25.063056 121.516601 0 90 0
c15_25_064851_121_530047_y2knosslz0lbjtzld8rr6g_2.jpg 25.064851 121.530047 0 90 0
c15_25_077392_121_392244_1ekkw6i_d9q765f_icdmzg_0.jpg 25.077392 121.392244 0 90 0
c15_25_081903_121_695729_rz4lipxbbmnyk_ebszqv4q_2.jpg 25.081903 121.695729 0 90 0
c15_25_082179_121_592295_mzzlltx1zd7dltgxzgdb_g_6.jpg 25.082179 121.592295 0 90 0
c15_25_089347_121_526816_hmbuc8jdui_d2xsbmvej8g_5.jpg 25.089347 121.526816 0 90 0
c23_22_650933_120_330884_hx6q1gneazg2g2ayoyg_dg_1.jpg 22.650933 120.330884 0 90 0
c23_22_676426_120_339702__02_nzpxim30ncng3e6npg_3.jpg 22.676426 120.339702 0 90 0
c23_22_683103_120_481281_5nl3sybu2gut7l4zokecdw_4.jpg 22.683103 120.481281 0 90 0
c23_22_683109_120_481399_cfdj_slx38kvlgg6igvgdq_5.jpg 22.683109 120.481399 0 90 0
c23_22_795912_120_292036_wfwrkjyfbpqyfxpi7r3t9q_0.jpg 22.795912 120.292036 0 90 0
c23_22_796035_120_292222_pduhfa4q_w_v3wlrjnygna_2.jpg 22.796035 120.292222 0 90 0
c23_23_013775_120_264078_ke4xtnfjy1vexpaj93fdpq_0.jpg 23.013775 120.264078 0 90 0
c23_23_026396_120_191262_ufjybh6evqqpi5dfw9tagq_0.jpg 23.026396 120.191262 0 90 0
c23_23_907447_120_687043_d8b7bip7t902mcuo_tikew_2.jpg 23.907447 120.687043 0 90 0
c23_23_980413_120_684413_b3cbxrgmczetalgr3bezew_4.jpg 23.980413 120.684413 0 90 0
c23_24_072641_120_538597_jv67aqweijdnpk1hitwlqa_2.jpg 24.072641 120.538597 0 90 0
c23_24_116361_120_666869_qtajpf4mmktknyjzt14pza_2.jpg 24.116361 120.666869 0 90 0
c23_24_159114_120_681271_vcepsay_579cwpacyygo5a_1.jpg 24.159114 120.681271 0 90 0
c23_24_179494_120_667704_phucnkq6mwzajgwmppdhkg_1.jpg 24.179494 120.667704 0 90 0
c23_24_188909_120_616167_zchenf4yzqf3koar6wf7kg_2.jpg 24.188909 120.616167 0 90 0
c23_24_226685_120_648489_umqljlq__fxezzhb4t0h6q_1.jpg 24.226685 120.648489 0 90 0
c23_24_269903_120_5758_9d7lr7xncbtfimlpu2h4la_1.jpg 24.269903 120.575800 0 90 0
c23_24_308521_120_722274_hhgu4a6lmpztejx7qaxsdw_5.jpg 24.308521 120.722274 0 90 0
c23_24_557384_120_820482_gc7lqgn5eiao7sncc2_9rg_5.jpg 24.557384 120.820482 0 90 0
c23_24_680476_121_769259_w2bbrggbmfhcfi9bq_qldq_5.jpg 24.680476 121.769259 0 90 0
c23_24_749769_121_750547_xpm5wukcacq_2lum3dwz7a_2.jpg 24.749769 121.750547 0 90 0
c23_24_834592_121_00921_j9crizhb_vlnqodt7su_6a_0.jpg 24.834592 121.009210 0 90 0
c23_25_032336_121_434658_z4tbzgncxbuhlvywdncczw_0.jpg 25.032336 121.434658 0 90 0
c23_25_038936_121_446679_jcavvdajpo_rrvvkouyyxa_6.jpg 25.038936 121.446679 0 90 0
c23_25_039015_121_446632_zn1y6bqlkk9dnekimoux_a_5.jpg 25.039015 121.446632 0 90 0
c23_25_039154_121_446511_zuo04qu_asok5yw5tkfybw_3.jpg 25.039154 121.446511 0 90 0
c23_25_061944_121_486613_vbut3rnb4ki5uleuh2hm_q_5.jpg 25.061944 121.486613 0 90 0
c23_25_061996_121_486561_szznmhrmclacbdwzgfr18g_4.jpg 25.061996 121.486561 0 90 0
c23_25_067789_121_500249_knzminrk9p2g7cf4bvxaia_2.jpg 25.067789 121.500249 0 90 0
c23_25_067851_121_500177_vcm2bhwpm7yfydhahzuycg_1.jpg 25.067851 121.500177 0 90 0
c23_25_06791_121_629785_rgg6q_oqyob3m_ji2cihrg_5.jpg 25.067910 121.629785 0 90 0
c23_25_067928_121_629873_rreraom9cmmld51pdrw2oq_4.jpg 25.067928 121.629873 0 90 0
c24_22_650722_120_325632_2cpinmuxw_kndh7vsejllq_2.jpg 22.650722 120.325632 0 90 0
c24_22_685046_120_289552_ixwdcuqqwklpoyrzr09kng_4.jpg 22.685046 120.289552 0 90 0
c24_22_793756_120_29585_oyd5xnmby4ividak_lqjoq_1.jpg 22.793756 120.295850 0 90 0
c24_22_987367_120_217427_gal0ujhgemjtt_jr4hyhsa_5.jpg 22.987367 120.217427 0 90 0
c24_22_991564_120_192795_xm_ctudr5fa7w_qevpvdvg_3.jpg 22.991564 120.192795 0 90 0
c24_22_993838_120_198948_pggmmdoovf6zuutyquwqhg_1.jpg 22.993838 120.198948 0 90 0
c24_22_993893_120_199036_put2xgq8a6jxm5y32eenbg_5.jpg 22.993893 120.199036 0 90 0
c24_23_000105_120_191816_eb1xjtcb3z5mffibpwl9vw_5.jpg 23.000105 120.191816 0 90 0
c24_23_002977_120_265437_6jim9ntrugo9c2ehoziwjw_2.jpg 23.002977 120.265437 0 90 0
c24_23_003055_120_265481_psbg6doc_tllnjxuhdglow_1.jpg 23.003055 120.265481 0 90 0
c24_23_005456_120_193628_u_kih6pyqps68px6y4n79w_2.jpg 23.005456 120.193628 0 90 0
c24_23_009487_120_223714_dxaaajqjyfijb6_ftfw_2g_2.jpg 23.009487 120.223714 0 90 0
c24_23_014029_120_230344_2smvqhh21td6uem3zj2q7a_3.jpg 23.014029 120.230344 0 90 0
c24_23_463801_120_241329_4dyzeee5zh1ab_xqatwrhg_5.jpg 23.463801 120.241329 0 90 0
c24_23_47684_120_459531_klbkfdijgnue51jgjhf9qg_0.jpg 23.476840 120.459531 0 90 0
c24_23_476876_120_459306_qq8mws4g5bnuvtyorhcnfa_4.jpg 23.476876 120.459306 0 90 0
c24_23_484233_120_448587_l5ydo26fhu8iagzvdpilzw_0.jpg 23.484233 120.448587 0 90 0
c24_23_569323_119_569765_7wznv_nrvunetf88uyxfka_6.jpg 23.569323 119.569765 0 90 0
c24_23_569414_119_569881_zbcudldcerfaewpqay_31g_5.jpg 23.569414 119.569881 0 90 0
c24_23_569455_119_569958_xloc8s_nd5hdwonwjstmsa_4.jpg 23.569455 119.569958 0 90 0
c24_23_857869_120_585744__jcoyxnmrhunywsb1vsekq_1.jpg 23.857869 120.585744 0 90 0
c24_23_956267_120_566976_pvjqvviyzfjra8qpwilxxq_5.jpg 23.956267 120.566976 0 90 0
c24_23_9569_120_477462_1mtmyaxkili25gnkl8azyq_5.jpg 23.956900 120.477462 0 90 0
c24_24_059212_120_439002_r3uwc0wda5d3lcwxeupxaq_1.jpg 24.059212 120.439002 0 90 0
c24_24_115403_120_689593_br_gepccrcpw9y3lykxhsw_1.jpg 24.115403 120.689593 0 90 0
c24_24_117039_120_65778_visj8vvzr2v_kp2sqtfvya_3.jpg 24.117039 120.657780 0 90 0
c24_24_146708_120_654068_gqae2woxbbzuxjtuxpkf_w_1.jpg 24.146708 120.654068 0 90 0
c24_24_148384_120_715887_6r3tgbhe3rqdiptrze4zea_3.jpg 24.148384 120.715887 0 90 0
c24_24_15654_120_650443_jtpttjsa6rwhfhr5muls7w_5.jpg 24.156540 120.650443 0 90 0
c24_24_164423_120_673914__lucfgglymeegfo_tdnazq_3.jpg 24.164423 120.673914 0 90 0
c24_24_168349_120_685368_lwgdh6g_fx8fad6rnv1aeq_1.jpg 24.168349 120.685368 0 90 0
c24_24_180822_120_589487_bcxz5nk30yfjtlbtgpn7ya_5.jpg 24.180822 120.589487 0 90 0
c24_24_183979_120_665221_wkputy_t1urwfpedebaz1a_5.jpg 24.183979 120.665221 0 90 0
c24_24_184011_120_665139_wguhlif0izohzqcbkiiflq_4.jpg 24.184011 120.665139 0 90 0
c24_24_184045_120_665312_xsc5zxstgaioueuxi_edka_4.jpg 24.184045 120.665312 0 90 0
c24_24_226106_120_64514_kwc3m_mrkscful7tgkuica_4.jpg 24.226106 120.645140 0 90 0
c24_24_345728_120_623351_8i1kp8aeucrwsw5fqcw3og_5.jpg 24.345728 120.623351 0 90 0
c24_24_797669_120_969855_befzn_6ljhk4atpf45s_cg_1.jpg 24.797669 120.969855 0 90 0
c24_24_867697_121_215373_suotlta2b8orx_y8k8voja_6.jpg 24.867697 121.215373 0 90 0
c24_24_86783_121_215504_myeqpivmhp9ns_c59hukvq_4.jpg 24.867830 121.215504 0 90 0
c24_24_902357_121_045091_3hr7dfgn8ocsuhwpfyqmdw_6.jpg 24.902357 121.045091 0 90 0
c24_24_992773_121_544341_1mj_de5ld11b_pd58cydsa_5.jpg 24.992773 121.544341 0 90 0
c24_24_99509_121_513575_g7r1gj7vxptnvbhd91thwa_1.jpg 24.995090 121.513575 0 90 0
c24_25_001385_121_50037_itlfo1jmbv32ek0ouoj6cg_5.jpg 25.001385 121.500370 0 90 0
c24_25_004612_121_304834_ysdhzs9vyspzzo0g2tlruw_5.jpg 25.004612 121.304834 0 90 0
c24_25_02601_121_45908_rbvcxgsnjp6wc1rsmmtnq_0.jpg 25.026010 121.459080 0 90 0
c24_25_026446_121_532031_tfuunn8_nrvxghcjs1e18q_6.jpg 25.026446 121.532031 0 90 0
c24_25_029876_121_554249_6x7zznmwv5v9rw8bt91gtq_2.jpg 25.029876 121.554249 0 90 0
c24_25_030814_121_473236_ema75cvnyrgejury2bqwoa_4.jpg 25.030814 121.473236 0 90 0
c24_25_048257_121_553076_65ftpiyqns4esjpxxi3naq_5.jpg 25.048257 121.553076 0 90 0
c24_25_049529_121_523145_ibqej5xpdoo4ieicqrjbrq_0.jpg 25.049529 121.523145 0 90 0
c24_25_060702_121_540754_nlo90pevqcqjyaxfbq22zw_6.jpg 25.060702 121.540754 0 90 0
c24_25_063145_121_500277_miu6tywapptsyqor9m333g_5.jpg 25.063145 121.500277 0 90 0
c24_25_067056_121_662479_f17s5q3nfvvvigfecbkebg_5.jpg 25.067056 121.662479 0 90 0
c24_25_068594_121_518118_rhswk12cwzibmreufwjrvq_4.jpg 25.068594 121.518118 0 90 0
c24_25_084234_121_595515_u4bkssoftomhy8yodpg2ya_4.jpg 25.084234 121.595515 0 90 0
c24_25_084256_121_595608_ix161g2pjf_iemjai4z1ug_5.jpg 25.084256 121.595608 0 90 0
c24_25_140488_121_500183_j_wiwy9zmhfyfmz2h5dnbq_4.jpg 25.140488 121.500183 0 90 0
c25_22_974573_120_19094_zrooys7zlnddwhmtgi1ada_5.jpg 22.974573 120.190940 0 90 0
c25_22_985426_120_222654_vfpsdbgcsvxtvsafcwblnw_1.jpg 22.985426 120.222654 0 90 0
c25_22_988209_120_19212_lfqsywhssnxm_srrxxbuuq_3.jpg 22.988209 120.192120 0 90 0
c25_22_999992_120_22837_rdqvch_vkwml1ddx3a2ra_5.jpg 22.999992 120.228370 0 90 0
c25_23_000084_120_228355_1zjw5xrkilzz7grvfmye2w_5.jpg 23.000084 120.228355 0 90 0
c25_23_000172_120_192245_rbtztsqij_2wypfmcjuwmg_4.jpg 23.000172 120.192245 0 90 0
c25_23_000182_120_228341_w7ry5plde7n9xcza8sao6g_4.jpg 23.000182 120.228341 0 90 0
c25_23_000202_120_192164_z_yearq_ht59xoorsn69zg_5.jpg 23.000202 120.192164 0 90 0
c25_23_004009_120_204256_4m85ten8_vtmgik2tsmpjg_5.jpg 23.004009 120.204256 0 90 0
c25_23_007013_120_267661_2dmrcyvjhmgnzct65vtm0q_3.jpg 23.007013 120.267661 0 90 0
c25_23_161628_120_17819_nefwqk_qs3jrkgwpzmaxoa_4.jpg 23.161628 120.178190 0 90 0
c25_23_300448_120_313436_kcgaior_0_vjcmepy7ak7g_0.jpg 23.300448 120.313436 0 90 0
c25_23_30063_120_313457_aagjy73obi87vgwrpmawsw_2.jpg 23.300630 120.313457 0 90 0
c25_24_146828_120_656768_y_ykugefxywe70hfxyjriq_2.jpg 24.146828 120.656768 0 90 0
c25_24_14695_120_656762_qfp_p3htiiv3czvqykce4w_0.jpg 24.146950 120.656762 0 90 0
c25_24_164939_120_673981_mkqzfbtjqgf4f14z34ds3a_1.jpg 24.164939 120.673981 0 90 0
c25_24_346193_120_623771_q65yzcbwtk1z6kqpyhvqtq_1.jpg 24.346193 120.623771 0 90 0
c25_24_346267_120_62383_mwjvf3lsuinj_8wjybrskq_0.jpg 24.346267 120.623830 0 90 0
c25_24_75788_121_752669_y159xasmleqnfjehe_5_bw_4.jpg 24.757880 121.752669 0 90 0
c25_24_784875_121_013804_2_reu7awqw73e4gqkx_5rw_4.jpg 24.784875 121.013804 0 90 0
c25_24_784955_121_01384_hobds_fdzbfmbgnesxnita_5.jpg 24.784955 121.013840 0 90 0
c25_24_804827_120_955372_haarfbfdhkdtmmd7ntb8_a_1.jpg 24.804827 120.955372 0 90 0
c25_24_804862_120_955255_qgkewcnnnyxspxkkqcuysq_2.jpg 24.804862 120.955255 0 90 0
c25_24_882286_121_289049_vsnxwapgloj9kbumnt4_3a_0.jpg 24.882286 121.289049 0 90 0
c25_24_910942_121_145688_p5hwlbqkgtwywbzgdsdfja_0.jpg 24.910942 121.145688 0 90 0
c25_24_93128_121_297093_ppm18iyjjuqfrhnzhj_eqa_4.jpg 24.931280 121.297093 0 90 0
c25_24_950308_121_212945_fgzfdgr9l49tybvduj6ozq_1.jpg 24.950308 121.212945 0 90 0
c25_24_993678_121_50501_m0drqypxbv8827db2v25bw_1.jpg 24.993678 121.505010 0 90 0
c25_24_994468_121_424713_f7agpaq3lex6_bn1knsdvq_6.jpg 24.994468 121.424713 0 90 0
c25_24_99459_121_424697_kqgcccya90vy46o0tpllta_5.jpg 24.994590 121.424697 0 90 0
c25_24_995169_121_544839_usee6ug4ogh8rtksbhx0fa_5.jpg 24.995169 121.544839 0 90 0
c25_24_998586_121_308667_kxjmupqqs4q6y0iovlth1g_2.jpg 24.998586 121.308667 0 90 0
c25_25_017146_121_476699_n4cecsm6jlhdviqbshq0xa_1.jpg 25.017146 121.476699 0 90 0
c25_25_026764_121_493878_dbq5710_yjejgr_uqz2xcg_4.jpg 25.026764 121.493878 0 90 0
c25_25_038287_121_45188_nbn9wld0pz4cnjrs1e5d_g_3.jpg 25.038287 121.451880 0 90 0
c25_25_06407_121_197001_zkvzv_ctvg97etn92qmr0a_5.jpg 25.064070 121.197001 0 90 0
c25_25_068374_121_518341_pxf_7_nnyhyqy5jhxb1bng_5.jpg 25.068374 121.518341 0 90 0
c25_25_086057_121_509557_yyucmxxo5pau68mbkxikbw_4.jpg 25.086057 121.509557 0 90 0
c25_25_128106_121_468098_103ugckoso6wuxsftrwf0a_2.jpg 25.128106 121.468098 0 90 0
c36_23_002397_120_195752_1zqrx0b9znhk_zjdiajwlg_4.jpg 23.002397 120.195752 0 90 0
c36_23_009843_120_233011_2ldn29vp0s_nieilod_5ka_5.jpg 23.009843 120.233011 0 90 0
c36_24_141762_120_639418_6wvh6idh2rvdxmlkzwf0pw_1.jpg 24.141762 120.639418 0 90 0
c36_24_141897_120_639359_l0fg6kki7ofr0yeof8ym2a_5.jpg 24.141897 120.639359 0 90 0
c36_24_150129_120_676158_dmofjzolou8075_nkzsmda_5.jpg 24.150129 120.676158 0 90 0
c36_24_167058_120_653145_lr1uc_ykw3lsc1bh4hkpeq_4.jpg 24.167058 120.653145 0 90 0
c36_24_167154_120_653251_aisb4xjow5fyermqn7uewa_5.jpg 24.167154 120.653251 0 90 0
c36_24_167243_120_65336_6mtzpptmmi_fbpebph09zg_5.jpg 24.167243 120.653360 0 90 0
c36_24_170851_120_685695_wikak7qhl_df18cmyiuwlg_1.jpg 24.170851 120.685695 0 90 0
c36_24_177822_120_668877_w8tcpnhdvrybwrvid4cdzq_4.jpg 24.177822 120.668877 0 90 0
c36_24_241951_120_563699_7wreajo909bf9q5lxibtuq_4.jpg 24.241951 120.563699 0 90 0
c36_24_253174_120_717253_afl73pw_9_kxjrsmnspqbw_4.jpg 24.253174 120.717253 0 90 0
c36_24_25319_120_717353_3flowjkffuxusjle7kq_aq_5.jpg 24.253190 120.717353 0 90 0
c36_24_25587_120_71418_eqtsnoy9sjtsqggiq_tz7a_4.jpg 24.255870 120.714180 0 90 0
c36_24_255889_120_714269_812hhqhhsgfuqx7p_s97ag_5.jpg 24.255889 120.714269 0 90 0
c36_24_347142_120_62452_arsq80szwe3li_5sfm5r5a_1.jpg 24.347142 120.624520 0 90 0
c36_24_987381_121_455317_zkkvozwk4w4frll8yrvxtg_2.jpg 24.987381 121.455317 0 90 0
c36_24_989306_121_422106_lst6c__bbzuh0r8d_bllzq_5.jpg 24.989306 121.422106 0 90 0
c36_24_989392_121_422156_mpbfvrwfjxuav8yzhgzugq_4.jpg 24.989392 121.422156 0 90 0
c36_24_990027_121_311818_rdx4xiv2umh5gf78sokt_q_2.jpg 24.990027 121.311818 0 90 0
c36_25_001139_121_307008_jwp1xmqurt5aqpc1kbhbww_1.jpg 25.001139 121.307008 0 90 0
c36_25_00733_121_514814_zbm9jbeglru2wqwk9oi_pw_1.jpg 25.007330 121.514814 0 90 0
c36_25_007832_121_507947_frpkicyuqqrrg23pdmlivq_4.jpg 25.007832 121.507947 0 90 0
c36_25_011733_121_432692_pmzwfwzyn5wwqlbhddvlcq_4.jpg 25.011733 121.432692 0 90 0
c36_25_020381_121_49786_5smqejbbxs0ji6l3lhkjnw_5.jpg 25.020381 121.497860 0 90 0
c36_25_020447_121_497902_ctuvuvbms2sg64onrc0cpg_4.jpg 25.020447 121.497902 0 90 0
c36_25_029186_121_521004_wbtpjartoevuruuumgsvbq_4.jpg 25.029186 121.521004 0 90 0
c36_25_040405_121_504577_9si_uky9x2gt001g9sql9w_4.jpg 25.040405 121.504577 0 90 0
c36_25_040444_121_504523_ovp5klwhnfq__ui4tg6wug_4.jpg 25.040444 121.504523 0 90 0
c36_25_041446_121_554757_u6ak2zds9oyqlpa3zhbazg_5.jpg 25.041446 121.554757 0 90 0
c36_25_042348_121_565292_ebgq8b6g4gfqltltlagqsw_4.jpg 25.042348 121.565292 0 90 0
c36_25_042408_121_565323_cbmmm9aidkalpndfpevg_q_5.jpg 25.042408 121.565323 0 90 0
c36_25_042596_121_531733_cmhm7qartrynsoyymqft2g_4.jpg 25.042596 121.531733 0 90 0
c36_25_044308_121_514996_r8549t7t_lf__yleee5wvw_4.jpg 25.044308 121.514996 0 90 0
c36_25_052008_121_533823_wgfmg4ir9tgqjhpnb5nvew_5.jpg 25.052008 121.533823 0 90 0
c36_25_054995_121_61047_7glavqr6ttuclknpjpirfa_1.jpg 25.054995 121.610470 0 90 0
c36_25_059795_121_549506_gvcmvikpgnwaayjh6clmxw_2.jpg 25.059795 121.549506 0 90 0
c36_25_059825_121_549444_zywo987wxij2r6efsas5bq_1.jpg 25.059825 121.549444 0 90 0
c36_25_061999_121_547327_uu1z5xddkoe11uvdvnftpw_5.jpg 25.061999 121.547327 0 90 0
c36_25_06281_121_487072_3mbtg_0vwxc6smq4ifwbeq_4.jpg 25.062810 121.487072 0 90 0
c36_25_068995_121_591721_s2vpyphsbimkoif_2snccg_5.jpg 25.068995 121.591721 0 90 0
c36_25_080944_121_568809_frcviy9fa8qj7eig5gf9sg_0.jpg 25.080944 121.568809 0 90 0
c36_25_081188_121_590562_fhzfjsiyqu3gtjzxqzrccw_5.jpg 25.081188 121.590562 0 90 0
c36_25_17061_121_442211_bfpfraxhdtnwoztxjzbqaw_5.jpg 25.170610 121.442211 0 90 0
c38_23_057602_120_218623_h7xh4u7jxtq3qi0pvdwzyw_0.jpg 23.057602 120.218623 0 90 0
c38_23_959271_120_572055_wkga_yjmzqgkx_j6hbk6uw_5.jpg 23.959271 120.572055 0 90 0
c38_23_959271_120_572199_vpi_to4q9dsyntyhj9ncfg_6.jpg 23.959271 120.572199 0 90 0
c38_23_959322_120_571999_z93rha_vv1nmrknx5w0pzq_4.jpg 23.959322 120.571999 0 90 0
c38_24_158551_120_65664_ewypwzk8qhreho9x0ljf6w_4.jpg 24.158551 120.656640 0 90 0
c38_24_256256_120_828794_qzcfb6dzp5vtxsnq9g_tqa_2.jpg 24.256256 120.828794 0 90 0
c38_24_270701_120_576471_qppwjpkf24g9qiaorpydbq_0.jpg 24.270701 120.576471 0 90 0
c38_24_350606_120_627226_ryqigowppbgjgib9uxcnwa_5.jpg 24.350606 120.627226 0 90 0
c38_24_936194_121_371234_bvggylzb3_3r4mxwvcp4yg_0.jpg 24.936194 121.371234 0 90 0
c38_24_955906_121_213012__uvk4hd8dznuhzbripdw2a_1.jpg 24.955906 121.213012 0 90 0
c38_24_955999_121_213038_2vzsxgboven__e2awaqna_1.jpg 24.955999 121.213038 0 90 0
c38_24_976406_121_255103_q1vkw97mc7nvuic7ug82ia_5.jpg 24.976406 121.255103 0 90 0
c38_24_982881_121_536379_exoyujaum4jn9pqjs_ecrq_3.jpg 24.982881 121.536379 0 90 0
c38_25_035983_121_448491_7aftrj2xzeyyp1fpmlhaca_2.jpg 25.035983 121.448491 0 90 0
c38_25_036078_121_448434_mc_d8e5nauza_ddackrdeq_1.jpg 25.036078 121.448434 0 90 0
c38_25_041202_121_564964_hnauxtx3_zhbm6heywxepq_5.jpg 25.041202 121.564964 0 90 0
c38_25_041397_121_550455_txdszccwkwylf_admu3abg_4.jpg 25.041397 121.550455 0 90 0
c38_25_041398_121_550562_escx0wtzwhlj048ezura8q_5.jpg 25.041398 121.550562 0 90 0
c38_25_043107_121_506043_dbiqrbfriyp0eoi5buuq1g_2.jpg 25.043107 121.506043 0 90 0
c38_25_043183_121_506058_xfitf52sitsusfatdye5yg_2.jpg 25.043183 121.506058 0 90 0
c38_25_04542_121_513205_mm_jooejm2pwfvfylk_kdg_0.jpg 25.045420 121.513205 0 90 0
c38_25_045807_121_513254_okq9erl9jgeqcwdzctn4da_2.jpg 25.045807 121.513254 0 90 0
c38_25_051541_121_564068_oorzrjeeeft_1hhfnxlveg_4.jpg 25.051541 121.564068 0 90 0
c38_25_0515_121_555146_wkb7bqbxjkyipy45xzwwfa_4.jpg 25.051500 121.555146 0 90 0
c38_25_056362_121_280229_64fjcdigwxitjv4tguuusw_5.jpg 25.056362 121.280229 0 90 0
c38_25_05893_121_494323_wo_ajscgnyyhlkoxhghypg_4.jpg 25.058930 121.494323 0 90 0
c38_25_061803_121_544352_tmnb_h5nb_exn8kqqfv_ma_5.jpg 25.061803 121.544352 0 90 0
c38_25_063393_121_501_kvb3mcb4nol6c0cfrexdna_5.jpg 25.063393 121.501000 0 90 0
c38_25_069232_121_59132_j1msgz85rugcqsph5e4rkg_5.jpg 25.069232 121.591320 0 90 0
c38_25_069604_121_513845_oc4xx137nmzcekh7forvew_4.jpg 25.069604 121.513845 0 90 0
c38_25_071062_121_494353_bfl_z4kjjmzzv3skjzdtta_1.jpg 25.071062 121.494353 0 90 0
c38_25_081958_121_548753_vjbexija2c9u2tbqrdem0w_3.jpg 25.081958 121.548753 0 90 0
c38_25_092133_121_525168_kutsxsqmfshn0uz59ukvja_3.jpg 25.092133 121.525168 0 90 0
c38_25_092158_121_525209_dgvhyz_min0kijdbosnvfq_4.jpg 25.092158 121.525209 0 90 0
c38_25_092178_121_525337_hl9qgcr_ehsx9eq5vs8oia_6.jpg 25.092178 121.525337 0 90 0
c38_25_17577_121_441994_v9b2h6l6sksepgfnrlsxag_5.jpg 25.175770 121.441994 0 90 0
c44_24_81009_120_977145_p_fc4zlb39ijwggdqbbexa_5.jpg 24.810090 120.977145 0 90 0
c44_24_81012_120_97712_obwetr1mkusx_the2tojiw_5.jpg 24.810120 120.977120 0 90 0
c44_24_962057_121_225419_rinzrtsubsxyq7trcrf5ca_5.jpg 24.962057 121.225419 0 90 0
c44_24_986554_121_465514_8m3gzjxievirhnkdlewilw_4.jpg 24.986554 121.465514 0 90 0
c44_24_988438_121_446855_cn5buydp6znbsoqtm5ovnw_1.jpg 24.988438 121.446855 0 90 0
c44_25_001762_121_306613_ikg8r8q986if23ifmblj7q_0.jpg 25.001762 121.306613 0 90 0
c44_25_001858_121_306553_qm8vsrigvpi3z4xt72nncw_1.jpg 25.001858 121.306553 0 90 0
c44_25_007389_121_506543_wuy_wzivbpitvjs7v1biqa_4.jpg 25.007389 121.506543 0 90 0
c44_25_027817_121_49557_esvn0inzsyxzemsmfnthiq_0.jpg 25.027817 121.495570 0 90 0
c44_25_027959_121_495496_ddysyl5u4h7mnjbazjnv5a_2.jpg 25.027959 121.495496 0 90 0
c44_25_032566_121_518754_pq4_9o3yqjvbc_cj2a2fpa_5.jpg 25.032566 121.518754 0 90 0
c44_25_032605_121_518675_yknsp47hu_3funyx_a2anw_6.jpg 25.032605 121.518675 0 90 0
c44_25_037552_121_538278_p45d7neuawuyprayr6bsmq_1.jpg 25.037552 121.538278 0 90 0
c44_25_037965_121_504473_9tnfyohfvva5p6710txphg_1.jpg 25.037965 121.504473 0 90 0
c44_25_041829_121_539767_sdmjkzy5zbv4nu3tuis_sg_3.jpg 25.041829 121.539767 0 90 0
c44_25_042606_121_565213_tvzf5wfdotakm2qcv9btyg_5.jpg 25.042606 121.565213 0 90 0
c44_25_043361_121_506097_puio3knc8pbxbii3y2y1ia_1.jpg 25.043361 121.506097 0 90 0
c44_25_043398_121_515794_x15o3fxjhvr_mluegg4rqw_5.jpg 25.043398 121.515794 0 90 0
c44_25_04869_121_526727_kwgik7khccunfwjqbkp2ca_5.jpg 25.048690 121.526727 0 90 0
c44_25_04871_121_526627_znshw_zcicqsvvy7slml3q_4.jpg 25.048710 121.526627 0 90 0
c44_25_050102_121_532879_q6hvr0ujcye_uojy4iyjlw_4.jpg 25.050102 121.532879 0 90 0
c44_25_056061_121_530088_qk3wv_gglvovab2utkup_a_1.jpg 25.056061 121.530088 0 90 0
c44_25_059668_121_518074_l6ak7um_xsafydmz7ajfnq_4.jpg 25.059668 121.518074 0 90 0
c44_25_060299_121_536549_hkvuvirmb7c3qsegsturja_1.jpg 25.060299 121.536549 0 90 0
c44_25_060954_121_46437_queupck3dcjl4pah6gfc3q_4.jpg 25.060954 121.464370 0 90 0
c44_25_069151_121_513636_z5k0wzpb6wj_lmvpesxp_a_5.jpg 25.069151 121.513636 0 90 0
c44_25_069263_121_513637_vbw_wp6pud_ptmv_ancz4q_4.jpg 25.069263 121.513637 0 90 0
c44_25_112138_121_526255_xkcontqmunkpy1tbjbmzka_4.jpg 25.112138 121.526255 0 90 0
c44_25_112285_121_52633_erby_aboezan_p868jnxba_5.jpg 25.112285 121.526330 0 90 0
c44_25_133527_121_501402_w0rer_7dtdtds38rzsqljg_1.jpg 25.133527 121.501402 0 90 0
c44_25_133574_121_501336__qy2c1s3_timb8hinaudaa_2.jpg 25.133574 121.501336 0 90 0
c45_24_152398_120_680466_h51c6x3dkplyqcyl6ovuqa_4.jpg 24.152398 120.680466 0 90 0
c45_24_174046_120_672531_quygh6aglf2kia7y3aoxvg_5.jpg 24.174046 120.672531 0 90 0
c45_24_555058_120_819045_mwyph0y5reayrto42kqseq_2.jpg 24.555058 120.819045 0 90 0
c45_24_555145_120_819096_cou2f_lnbtocwqreocsxbg_1.jpg 24.555145 120.819096 0 90 0
c45_24_685641_120_907199_fnl4q69hoa8bzeulvfvdww_5.jpg 24.685641 120.907199 0 90 0
c45_24_741989_121_085434_obbcmmx1fiepl_fhgo_pxg_5.jpg 24.741989 121.085434 0 90 0
c45_24_936841_121_370168_neglwdcwtemshodsv14oca_0.jpg 24.936841 121.370168 0 90 0
c45_24_940232_121_215283_wycvojmwl8r9fhf0ajf6qg_1.jpg 24.940232 121.215283 0 90 0
c45_24_982833_121_535233_059dawd4yvjbrjydexohoa_1.jpg 24.982833 121.535233 0 90 0
c45_24_986048_121_45202_tegsqtokz39g_sana4uoxa_1.jpg 24.986048 121.452020 0 90 0
c45_24_986121_121_451922_plpdloyqq5x2ym3c_l6ozg_2.jpg 24.986121 121.451922 0 90 0
c45_24_990539_121_512085_bbo6vn4d1uq_kcr4_mteuq_5.jpg 24.990539 121.512085 0 90 0
c45_24_993182_121_329298_pbuaryoxun8olltcwcbpda_1.jpg 24.993182 121.329298 0 90 0
c45_25_002111_121_461794_iu8kljtdceg3h2qi23polw_2.jpg 25.002111 121.461794 0 90 0
c45_25_007838_121_521421_0bmpwnzdzzjoztoh1xc6eg_5.jpg 25.007838 121.521421 0 90 0
c45_25_010907_121_139233_vjkfqtjbinwh_9mixfyxaa_5.jpg 25.010907 121.139233 0 90 0
c45_25_033935_121_529483_gnl44adlyyzel97smed8_w_0.jpg 25.033935 121.529483 0 90 0
c45_25_038109_121_544963_glw4s6kje_t5e5jno0op0g_4.jpg 25.038109 121.544963 0 90 0
c45_25_042315_121_505937_eyy86x29m3lafwrhmtwarw_0.jpg 25.042315 121.505937 0 90 0
c45_25_042354_121_532647_u_0xovtlzhvtvarvnusrmw_4.jpg 25.042354 121.532647 0 90 0
c45_25_042518_121_544045_pmbuydtp6w21sg4qrlnxbg_5.jpg 25.042518 121.544045 0 90 0
c45_25_043149_121_511507_ug538orun5xrvgh3cfrccg_4.jpg 25.043149 121.511507 0 90 0
c45_25_057288_121_634075_g7xpnr3lxbdaaoaq9otjtg_3.jpg 25.057288 121.634075 0 90 0
c45_25_060697_121_462491_fnp8jym1t2qnvmxh6uwzvq_5.jpg 25.060697 121.462491 0 90 0
c45_25_098479_121_715995_leqomq0h6nbgo0taxw6e2g_1.jpg 25.098479 121.715995 0 90 0
c58_25_001797_121_459625_gzttrbetkwurm_gjv5up2g_2.jpg 25.001797 121.459625 0 90 0
c58_25_024351_121_426756_ftxjldqgh8mvxd5gixjuzq_1.jpg 25.024351 121.426756 0 90 0
c58_25_024506_121_550001_71girw6ktwgzfqqfx6b7ua_5.jpg 25.024506 121.550001 0 90 0
c58_25_033756_121_531562_5up_jlsdvltbymwscu4bsw_0.jpg 25.033756 121.531562 0 90 0
c58_25_04808_121_556164_jql_amsesoaqea2ehv_aoq_1.jpg 25.048080 121.556164 0 90 0
c58_25_051536_121_566539_mst82zpaocdwndkgwyai1q_4.jpg 25.051536 121.566539 0 90 0
c58_25_051616_121_444696_bfrs4t4riipkmakrhpv5ig_1.jpg 25.051616 121.444696 0 90 0
c58_25_066941_121_656227_dt6ocxvsr_bobg6pzogivq_4.jpg 25.066941 121.656227 0 90 0
c58_25_072955_121_606638_oohwri5fjqdkyycyzb1rww_5.jpg 25.072955 121.606638 0 90 0
c58_25_079994_121_550136_ud2vhymw2t8lyzmlr6yi1a_1.jpg 25.079994 121.550136 0 90 0
c58_25_081662_121_464423_zesqv6o9io1ilx1wva59dg_4.jpg 25.081662 121.464423 0 90 0
c58_25_113761_121_511672_denwaqjhu4rruxpud_l1cw_2.jpg 25.113761 121.511672 0 90 0
c58_25_131703_121_499252_u0azoytlmkrbcsyyve980w_0.jpg 25.131703 121.499252 0 90 0
c58_25_131758_121_499202_6m3l1u4i2mag7xq_dzgzw_1.jpg 25.131758 121.499202 0 90 0
c60_24_797434_120_968975_jj8wmc8fbrwy87ak7vgwca_5.jpg 24.797434 120.968975 0 90 0
c60_24_811687_121_025938_iuubgaa21e57hshloptn9w_1.jpg 24.811687 121.025938 0 90 0
c60_24_814362_120_974634_fl2a8sxd6nhdymc_mh3zsq_5.jpg 24.814362 120.974634 0 90 0
c60_24_965849_121_225146_zazom9v2oswdzbpv1qtrmg_0.jpg 24.965849 121.225146 0 90 0
c60_24_981635_121_560244_vge_shpyo6roc0rkl48bkg_5.jpg 24.981635 121.560244 0 90 0
c60_24_981673_121_560435_rn7u8nlphicd17hjqbmsuw_4.jpg 24.981673 121.560435 0 90 0
c60_24_987755_121_570897_6alkcokva84j9c1xbalu4a_4.jpg 24.987755 121.570897 0 90 0
c60_24_999609_121_496322_jxlevidvheao7v0x_ks_ga_5.jpg 24.999609 121.496322 0 90 0
c60_24_999768_121_521834_l2a8rgxwjtfzksp3r_ai_g_1.jpg 24.999768 121.521834 0 90 0
c60_24_999786_121_521722_cnfs2xauanktcdc4wbbfcg_1.jpg 24.999786 121.521722 0 90 0
c60_24_999804_121_521612_ya0hwudwztq5yyquir1osw_2.jpg 24.999804 121.521612 0 90 0
c60_25_018422_121_530483_uc4q7dpswnnl8xahyuj9bq_5.jpg 25.018422 121.530483 0 90 0
c60_25_033757_121_57484_yn1am6vnfrurxzzevmddpw_5.jpg 25.033757 121.574840 0 90 0
c60_25_041147_121_566517_ofii5pjtjiit9loolqko8w_4.jpg 25.041147 121.566517 0 90 0
c60_25_049198_121_448741_sjnybynl0nchh5iub53caw_1.jpg 25.049198 121.448741 0 90 0
c60_25_052232_121_529084_ufifj4alcfwvrciyhgvy6q_3.jpg 25.052232 121.529084 0 90 0
c60_25_053247_121_51822_on6ydsynjhionzs72u5rfq_4.jpg 25.053247 121.518220 0 90 0
c60_25_053264_121_518142_ktoglo_ffvcdavgvdymwuq_5.jpg 25.053264 121.518142 0 90 0
c60_25_059508_121_532999_icykuw_n1oj28aojx6j9fa_5.jpg 25.059508 121.532999 0 90 0
c60_25_061462_121_494494_mx8gyumfoysocw5rkkcwtg_5.jpg 25.061462 121.494494 0 90 0
c60_25_078478_121_580104_j7ifuc7qoozpvs6ixnbphq_5.jpg 25.078478 121.580104 0 90 0
c60_25_080089_121_547518_2elyxutijbllqhmd6aoqgw_5.jpg 25.080089 121.547518 0 90 0
c60_25_08091_121_573055_a4hgzwa2puwfsarizp4pkq_4.jpg 25.080910 121.573055 0 90 0
c60_25_08091_121_573197_ck6aqqnvip0liqjcin9fea_2.jpg 25.080910 121.573197 0 90 0
c60_25_105146_121_522631_bq_t1er7azrilyf2x7ahaw_5.jpg 25.105146 121.522631 0 90 0
c60_25_118502_121_526963_hqea_pldcw7u2ejpanyp2q_3.jpg 25.118502 121.526963 0 90 0
c60_25_134057_121_500625_uv6nt0iscj4m0tzhzuch5w_1.jpg 25.134057 121.500625 0 90 0
c62_25_002645_121_459768_5ltatnxvz0zoaoox63wn0a_0.jpg 25.002645 121.459768 0 90 0
c62_25_002745_121_459829_srf1kjwkhf1xkfayuyc3ma_1.jpg 25.002745 121.459829 0 90 0
c62_25_003634_121_514023_gtxwaf1qqwsdsastla10ja_1.jpg 25.003634 121.514023 0 90 0
c62_25_005953_121_474998_8d2_obuchmurn_usg8mv0w_4.jpg 25.005953 121.474998 0 90 0
c62_25_007727_121_520205_rhzh4cjvyem4xqime2blbg_5.jpg 25.007727 121.520205 0 90 0
c62_25_012734_121_515166_2wbhlpzfblwzwrbvrdma5q_5.jpg 25.012734 121.515166 0 90 0
c62_25_017758_121_477783_yw5xujchu0h1rq1br7y5ya_2.jpg 25.017758 121.477783 0 90 0
c62_25_022707_121_461221_uigrrvdbhaf_kt76zpzl9q_0.jpg 25.022707 121.461221 0 90 0
c62_25_02851_121_568496_f_o2fu_knfq3dafpq29v3a_5.jpg 25.028510 121.568496 0 90 0
c62_25_032692_121_548525_u4oe8pln2ywpfwplpr7dow_4.jpg 25.032692 121.548525 0 90 0
c62_25_034007_121_52896_8gks1nj3viycoljug9nptg_2.jpg 25.034007 121.528960 0 90 0
c62_25_04115_121_566433_b5zox4euvfixgpfndpra7w_4.jpg 25.041150 121.566433 0 90 0
c62_25_042811_121_54857_rh_haan4wswyjkpxqwklgq_3.jpg 25.042811 121.548570 0 90 0
c62_25_043332_121_582925_4o6ny6vmm4zxkoba7kygda_2.jpg 25.043332 121.582925 0 90 0
c62_25_05276_121_514059_xsn3b4w4fceujrojookmfa_5.jpg 25.052760 121.514059 0 90 0
c62_25_060089_121_544047_noho9xcfxtrlmsdqgmr1cq_4.jpg 25.060089 121.544047 0 90 0
c62_25_116006_121_515842_29vo2igdkshvs1kajg1nvg_5.jpg 25.116006 121.515842 0 90 0
c62_25_138507_121_502276_l5rtwtputhcjiwifzuushg_2.jpg 25.138507 121.502276 0 90 0
